227359,3072,r,21.364736
231167,3072,r,21.390951
287388,512,w,21.417165
220855,3072,r,21.423717
861103,512,w,21.430271
221305,3072,r,21.456485
287389,512,w,21.463039
999114,512,w,21.4827
618120,512,w,21.489254
875806,3072,r,21.508914
149645,512,r,21.522022
875856,3072,r,21.535129
618120,512,w,21.541683
861103,512,w,21.55479
521526,512,r,21.574451
220999,3072,r,21.574451
521532,512,r,21.613773
618217,512,r,21.613773
231569,3072,r,21.620327
999114,512,w,21.620327
801097,512,r,21.639987
642577,512,w,21.653095
222237,3072,r,21.659648
521530,1024,r,21.685861
221329,3072,r,21.692415
521528,1024,r,21.698968
618217,512,w,21.712076
801032,32256,r,21.718629
221739,3072,r,21.725183
287391,1536,w,21.757951
241593,3072,r,21.764505
801095,1024,r,21.797273
618217,512,w,21.803827
223509,3072,r,21.81038
217943,3072,r,21.869363
223979,3072,r,21.895578
287391,512,w,21.902132
223281,3072,r,21.928344
618217,512,w,21.941452
838772,2048,r,21.954559
232633,3072,r,21.954559
877170,3072,r,21.980773
618217,512,w,22.000434
223515,3072,r,22.006988
886396,512,r,22.020095
838746,2048,r,22.105293
940576,1024,r,22.111846
217277,3072,r,22.111846
863092,512,r,22.183935
220105,3072,r,22.183935
369768,512,w,22.210149
223287,3072,r,22.216703
862989,3584,r,22.22981
223353,3072,r,22.236364
463115,512,w,22.249471
223359,3072,r,22.262578
496139,1024,r,22.3019
223365,3072,r,22.3019
886400,1024,r,22.328115
882203,1536,r,22.328115
223371,3072,r,22.328115
1187950,512,r,22.347776
223377,3072,r,22.35433
886530,1024,r,22.35433
882020,1536,r,22.380544
223383,3072,r,22.387098
801031,512,r,22.387098
223389,3072,r,22.406759
787554,1024,r,22.419866
521527,512,r,22.426418
223395,3072,r,22.426418
886400,1024,r,22.439525
240715,3072,r,22.446079
810852,512,w,22.46574
149646,4096,r,22.491954
221299,3072,r,22.498508
877284,3072,r,22.531276
886408,1024,r,22.53783
230969,3072,r,22.564044
228309,3072,r,22.590259
219871,3072,r,22.623027
445645,512,r,22.655796
213253,3072,r,22.655796
838764,2048,r,22.668903
218423,3072,r,22.682008
445536,512,r,22.695116
880780,3072,r,22.701669
445651,512,r,22.714777
880522,3072,r,22.727884
779109,3584,r,22.727884
609036,512,r,22.740991
226045,3072,r,22.747545
881678,512,r,22.767206
589932,512,r,22.780313
232975,3072,r,22.780313
227623,3072,r,22.806528
881679,512,r,22.826189
174717,3584,r,22.839296
220861,3072,r,22.839296
877332,3072,r,22.858957
223449,3072,r,22.885171
882206,1536,r,22.898279
589970,512,r,22.898279
882203,1536,r,22.931045
228133,3072,r,22.931045
314316,16384,r,22.963813
215721,3072,r,22.970367
882104,1536,r,22.976921
838754,2048,r,23.009689
221221,3072,r,23.016242
314348,1536,r,23.02935
314351,16384,r,23.049011
872806,512,r,23.075225
221101,3072,r,23.075225
314383,2048,r,23.094886
220831,3072,r,23.094886
872807,512,r,23.10144
314387,16384,r,23.107994
880474,3072,r,23.114547
872815,1024,r,23.114547
872979,1024,r,23.134208
314419,16384,r,23.140762
223395,3072,r,23.140762
314451,2048,r,23.166976
872809,1024,r,23.166976
223401,3072,r,23.166976
873130,1024,r,23.180082
314455,1536,r,23.180082
218825,3072,r,23.186635
314458,8704,r,23.206296
872845,1024,r,23.21285
224045,3072,r,23.219404
521672,512,r,23.225957
872843,1024,r,23.239065
223407,3072,r,23.245618
64155,512,r,23.271833
64156,512,r,23.324262
277938,1536,r,23.376691
7,1024,r,23.376691
64155,512,r,23.376691
223413,3072,r,23.383245
64156,512,r,23.389799
223419,3072,r,23.40946
64157,512,r,23.40946
277893,2560,r,23.416013
610094,512,r,23.422567
64155,512,r,23.429119
277913,2560,r,23.435672
223425,3072,r,23.435672
1113981,512,r,23.442226
64156,512,r,23.442226
277918,2560,r,23.455333
11799,2560,r,23.461887
223431,3072,r,23.461887
278007,2560,r,23.474994
223455,3072,r,23.481548
612126,512,r,23.488101
278040,2560,r,23.494655
56578,2560,r,23.514316
330720,2560,r,23.527423
223461,3072,r,23.527423
1114809,512,r,23.533977
223467,3072,r,23.540531
56678,2560,r,23.547084
344082,2560,r,23.560192
223473,3072,r,23.560192
56578,2560,r,23.573299
352542,2560,r,23.599514
56578,2560,w,23.606067
619034,512,r,23.606067
223479,3072,r,23.606067
11808,1536,r,23.632282
363648,2560,r,23.632282
613688,512,r,23.645389
223485,3072,r,23.651943
352542,2560,r,23.658496
1114872,512,r,23.66505
11811,1536,r,23.66505
223491,3072,r,23.671604
11811,1536,w,23.684709
352576,2560,r,23.710924
369768,1536,r,23.710924
624807,512,r,23.710924
223497,3072,r,23.717477
224663,3072,r,23.724031
363648,2560,r,23.743692
875302,3072,r,23.750246
1114872,512,w,23.750246
11799,2560,r,23.763353
277618,2560,r,23.783014
56678,2560,r,23.783014
232957,3072,r,23.783014
56678,2560,w,23.802675
56578,2560,r,23.822336
619034,512,w,23.828889
56578,2560,w,23.84855
231095,3072,r,23.855104
521672,512,w,23.861658
232705,3072,r,23.881319
1188354,512,r,23.907533
226147,3072,r,23.907533
886400,1024,r,23.927192
231293,3072,r,23.933746
838748,2048,r,23.966514
231737,3072,r,23.966514
886408,1024,r,23.992729
877074,3072,r,24.005836
608811,512,r,24.025497
875868,3072,r,24.038604
886400,1024,r,24.051712
221239,3072,r,24.064819
232735,3072,r,24.091033
882104,1536,w,24.104141
875952,3072,r,24.117248
886408,1024,r,24.123802
241329,3072,r,24.130355
609036,512,w,24.176229
876072,3072,r,24.176229
876108,3072,r,24.222105
240715,3072,r,24.248319
614831,512,r,24.26798
886408,1024,w,24.274534
1123152,1536,r,24.287641
240391,3072,r,24.287641
226855,3072,r,24.313856
610071,512,r,24.333517
1123263,2048,r,24.359731
297412,2048,r,24.385946
221059,3072,r,24.385946
221985,3072,r,24.405607
184725,2560,r,24.425266
880546,3072,r,24.431819
184725,2560,w,24.458034
293148,1024,r,24.530124
231923,3072,r,24.530124
881140,3072,r,24.556339
881182,3072,r,24.582553
293280,3072,r,24.595661
881218,3072,r,24.602214
223521,3072,r,24.628429
223527,3072,r,24.661197
287394,1536,w,24.667751
223533,3072,r,24.680856
223539,3072,r,24.700517
619034,512,w,24.720178
223545,3072,r,24.720178
223551,3072,r,24.739839
223557,3072,r,24.752946
223563,3072,r,24.798822
6,512,r,24.805376
223497,3072,r,24.825037
634425,512,r,24.844697
216681,3072,r,24.851251
687876,512,r,24.864358
218417,3072,r,24.877466
695127,512,r,24.890573
226879,3072,r,24.910234
695130,512,r,24.916788
695128,1024,r,24.943
224399,3072,r,24.943
642571,1024,r,24.982322
223437,3072,r,24.982322
682533,512,r,25.008537
217373,3072,r,25.021644
293286,1024,r,25.119949
221311,3072,r,25.119949
293292,2048,r,25.218252
220063,3072,r,25.296895
293348,1024,r,25.303449
293350,2048,r,25.349325
738816,512,r,25.362432
293390,2048,r,25.375539
446950,512,r,25.388647
232463,3072,r,25.388647
738816,512,w,25.408308
446951,512,r,25.414861
293394,2048,r,25.421415
232169,3072,r,25.421415
449107,512,r,25.427967
293404,2048,r,25.441074
449107,512,w,25.486949
293420,4096,r,25.493503
227329,3072,r,25.532825
293428,3072,r,25.578701
221907,3072,r,25.585254
1123263,512,r,25.650791
223149,3072,r,25.650791
221649,3072,r,25.677005
875896,512,r,25.729433
227365,3072,r,25.729433
221341,3072,r,25.768754
875901,512,r,25.775308
226609,3072,r,25.801523
575580,32768,w,25.81463
875761,1024,r,25.81463
875744,8704,r,25.834291
229173,3072,r,25.834291
216273,3072,r,25.880167
1123264,2048,r,26.142311
866978,1024,r,26.168525
991752,512,r,26.207845
861103,512,w,26.299596
872806,512,r,26.30615
459920,512,r,26.325811
999114,512,w,26.358579
872807,512,r,26.371686
810853,512,w,26.391347
160384,1024,r,26.417562
872811,1024,r,26.417562
806632,512,r,26.463436
1210818,1024,r,26.483097
806633,512,r,26.502758
806660,5120,r,26.548633
872806,512,r,26.673152
861103,512,w,26.719026
872807,512,r,26.830438
999114,512,w,26.843545
872811,1024,r,26.876314
1210818,1024,r,26.928743
798201,2048,r,26.948402
881044,3072,r,26.954956
218291,3072,r,26.974617
602697,512,r,26.98117
230981,3072,r,27.000831
602720,512,r,27.013938
801097,512,r,27.027046
218435,3072,r,27.040153
876684,3072,r,27.066368
602707,6656,r,27.092582
232385,3072,r,27.092582
200157,512,r,27.131904
602702,2560,r,27.131904
223587,3072,r,27.138458
602700,1024,r,27.151565
602698,1024,r,27.164672
200158,512,r,27.17778
801032,32256,r,27.184331
223593,3072,r,27.190885
223599,3072,r,27.2171
801095,1024,r,27.230207
223605,3072,r,27.236761
199933,8704,r,27.249868
223611,3072,r,27.256422
223617,3072,r,27.269529
223623,3072,r,27.28919
801031,512,r,27.315404
223629,3072,r,27.335065
872806,512,r,27.354726
228771,3072,r,27.36128
875302,3072,r,27.387495
872807,512,r,27.394048
240679,3072,r,27.420263
872811,1024,r,27.453029
231161,3072,r,27.459583
1210818,1024,r,27.492351
232963,3072,r,27.498905
872806,512,r,27.538227
228597,3072,r,27.54478
872807,512,r,27.577549
215901,3072,r,27.577549
872811,1024,r,27.590656
1210818,1024,r,27.610317
231803,3072,r,27.610317
877446,3072,r,27.643085
866988,512,r,27.721727
875868,3072,r,27.728281
221877,3072,r,27.774156
838746,1024,r,27.787263
223575,3072,r,27.800371
287394,512,w,27.826585
222897,3072,r,27.833139
876036,3072,r,27.865907
876072,3072,r,27.879015
810854,512,w,27.885568
876108,3072,r,27.905229
613314,512,r,27.918336
240721,3072,r,27.92489
240613,3072,r,27.951103
297540,1536,r,27.977317
226975,3072,r,28.010086
209494,16384,r,28.016639
221089,3072,r,28.042854
1048817,512,r,28.062515
881056,3072,r,28.069068
1048818,512,r,28.095283
222843,3072,r,28.101837
199212,1024,r,28.134605
216627,3072,r,28.134605
881140,3072,r,28.16082
199120,4096,r,28.167373
1048417,32768,r,28.20014
230975,3072,r,28.20014
881224,3072,r,28.239461
223653,3072,r,28.259122
1048396,2560,r,28.27223
1048810,3072,r,28.291891
223659,3072,r,28.298444
1048401,8192,r,28.311552
223665,3072,r,28.318105
223671,3072,r,28.331213
1048357,18432,r,28.337766
223677,3072,r,28.350873
1048283,32768,r,28.363981
223683,3072,r,28.370534
863092,512,r,28.41641
1048711,32768,r,28.41641
223689,3072,r,28.422964
862989,3584,r,28.442623
223695,3072,r,28.442623
223629,3072,r,28.462284
1048709,1024,r,28.481945
228459,3072,r,28.488498
1048803,3584,r,28.508159
232699,3072,r,28.508159
227485,3072,r,28.540927
496139,1024,r,28.580249
612141,512,r,28.606464
227581,3072,r,28.613018
297382,1024,r,28.632679
224333,3072,r,28.639232
1114893,512,r,28.645786
229167,3072,r,28.658893
529300,512,r,28.665447
1114894,512,r,28.685106
1114895,1024,r,28.698213
221937,3072,r,28.717874
611018,512,r,28.730981
1048707,1024,r,28.750642
227539,3072,r,28.750642
232729,3072,r,28.789964
232211,3072,r,28.816179
1115217,1024,r,28.83584
227827,3072,r,28.83584
1048704,1536,r,28.848947
221503,3072,r,28.868608
1188355,512,r,28.875162
1048625,32768,r,28.921037
224531,3072,r,28.927591
838762,1024,r,28.940696
876066,3072,r,28.953804
1115217,1024,r,28.980018
229125,3072,r,28.980018
1048690,7168,r,28.999679
231977,3072,r,29.012786
194239,8192,w,29.045555
229857,3072,r,29.045555
1048393,1536,r,29.084877
229197,3072,r,29.084877
220075,3072,r,29.104537
613939,512,r,29.124198
222543,3072,r,29.130752
1114812,512,r,29.156967
232771,3072,r,29.16352
617328,512,r,29.20284
228987,3072,r,29.20284
92475,512,r,29.242162
219245,3072,r,29.242162
617130,512,r,29.288038
881176,3072,r,29.288038
232789,3072,r,29.314252
193557,512,r,29.32736
223719,3072,r,29.353574
1048689,512,r,29.366682
223725,3072,r,29.373235
1048561,32768,r,29.412557
223731,3072,r,29.419111
223737,3072,r,29.445323
223743,3072,r,29.471538
209196,512,r,29.491199
53893,1024,r,29.491199
223749,3072,r,29.497753
223755,3072,r,29.504306
223761,3072,r,29.523967
53997,1536,r,29.537075
224729,3072,r,29.543628
54093,1536,r,29.550182
609036,512,r,29.550182
223695,3072,r,29.563289
54180,3072,r,29.569843
881678,512,r,29.589504
54198,3072,r,29.596057
221919,3072,r,29.596057
54219,1536,r,29.615718
881679,512,r,29.622272
54237,1536,r,29.622272
880492,3072,r,29.635379
54585,1536,r,29.648487
54627,1536,r,29.661594
877620,3072,r,29.661594
882206,1536,r,29.668148
222825,3072,r,29.700914
881840,1536,r,29.707468
882005,1536,r,29.740236
223143,3072,r,29.740236
1135943,1024,r,29.773004
199128,4608,r,29.792665
309093,16384,r,29.792665
231203,3072,r,29.792665
102033,512,r,29.81888
232463,3072,r,29.831987
102034,512,r,29.851648
225497,3072,r,29.864755
102033,512,r,29.864755
102034,512,r,29.884416
872806,512,r,29.904077
102651,1024,r,29.910631
309125,8704,r,29.917184
222507,3072,r,29.917184
872807,512,r,29.923738
102078,1024,r,29.930292
102729,1024,r,29.943397
215703,3072,r,29.943397
872845,1024,r,29.956504
309142,512,r,29.976165
876006,3072,r,29.976165
872843,1024,r,30.00238
88089,1024,r,30.015487
224405,3072,r,30.022041
880528,3072,r,30.048255
106614,512,r,30.048255
92479,1024,r,30.07447
876114,3072,r,30.07447
106615,512,r,30.094131
309143,1024,r,30.100685
241171,3072,r,30.107238
193929,1024,r,30.107238
231053,3072,r,30.133453
192996,1024,r,30.140007
92477,1024,r,30.14656
309145,16384,r,30.153114
194255,512,w,30.153114
193806,1024,r,30.159667
227335,3072,r,30.166221
1048801,1024,r,30.179328
220903,3072,r,30.18588
193926,1024,r,30.198987
194256,16896,w,30.212095
624984,512,w,30.264524
309177,16384,r,30.284185
193902,1024,r,30.290739
231317,3072,r,30.297292
309209,16384,r,30.336614
881678,512,r,30.349721
225071,3072,r,30.356275
192996,1024,r,30.369382
232777,3072,r,30.389043
193887,1024,r,30.395597
881679,512,r,30.402151
877458,3072,r,30.408704
472730,512,r,30.421812
881194,3072,r,30.428365
882206,1536,r,30.467685
881224,3072,r,30.487346
177687,2048,r,30.4939
881840,1536,r,30.513561
223785,3072,r,30.513561
882005,1536,r,30.533222
223791,3072,r,30.546329
872845,1024,r,30.56599
223797,3072,r,30.56599
223803,3072,r,30.579097
872843,1024,r,30.598758
223809,3072,r,30.605312
223817,3072,r,30.618419
1048521,20480,r,30.63808
223823,3072,r,30.644634
223829,3072,r,30.657741
226963,3072,r,30.677402
1048786,7680,r,30.683956
875302,3072,r,30.723276
642576,1024,r,30.742937
232957,3072,r,30.74949
287391,512,r,30.775705
229821,3072,r,30.775705
876828,3072,r,30.808473
193561,1024,r,30.815027
875566,3072,r,30.828134
193559,1024,r,30.834688
193559,1024,w,30.854349
231731,3072,r,30.867456
880774,3072,r,30.893671
619057,512,r,30.906778
877320,3072,r,30.919885
240487,3072,r,30.952652
612808,512,r,30.952652
1114866,512,r,30.978866
223341,3072,r,30.98542
231185,3072,r,31.018188
287397,1536,w,31.037849
232609,3072,r,31.044403
223773,3072,r,31.077171
287508,12288,w,31.077171
1114866,512,w,31.116493
221739,3072,r,31.1296
227737,3072,r,31.155815
232753,3072,r,31.175476
619057,512,w,31.182029
215643,3072,r,31.201688
193559,1024,w,31.267225
229857,3072,r,31.267225
228333,3072,r,31.299993
1114894,1536,r,31.326208
619086,512,r,31.332761
881044,3072,r,31.332761
240421,3072,r,31.358976
626885,512,r,31.378637
287532,13824,w,31.378637
218429,3072,r,31.391744
241449,3072,r,31.431066
432902,2048,r,31.444171
881182,3072,r,31.457279
619086,512,w,31.47694
881212,3072,r,31.490047
432902,2048,w,31.509708
223853,3072,r,31.516262
223859,3072,r,31.542476
223865,3072,r,31.562137
619481,512,r,31.588352
223871,3072,r,31.588352
626885,512,w,31.594905
223877,3072,r,31.601459
287559,13824,w,31.608013
223883,3072,r,31.62112
223889,3072,r,31.640781
223895,3072,r,31.660442
619481,512,w,31.686656
227323,3072,r,31.699762
861103,512,w,31.699762
230681,3072,r,31.719423
999114,512,w,31.745637
232957,3072,r,31.745637
619481,512,w,31.784959
227203,3072,r,31.791513
227701,3072,r,31.837389
231047,3072,r,31.870157
619481,512,w,31.896371
223017,3072,r,31.916032
991765,512,w,31.922586
229167,3072,r,31.935693
1048494,13824,r,31.96846
221047,3072,r,31.96846
999161,512,w,31.994674
1048481,6656,r,32.020889
240535,3072,r,32.020889
232361,3072,r,32.047103
991752,512,w,32.053657
92483,512,r,32.086425
223841,3072,r,32.086425
193587,512,r,32.106086
861022,512,r,32.11264
227545,3072,r,32.119194
193559,1024,w,32.132301
861057,512,r,32.145408
215709,3072,r,32.158515
861022,512,w,32.18473
876066,3072,r,32.18473
619086,512,w,32.197837
240343,3072,r,32.230606
619086,512,w,32.250267
232283,3072,r,32.283035
861057,512,w,32.309249
232753,3072,r,32.322353
287388,512,r,32.328907
229545,3072,r,32.33546
226579,3072,r,32.355121
287389,512,r,32.361675
861022,512,w,32.374782
223221,3072,r,32.381336
287397,1024,w,32.387889
233029,3072,r,32.400997
861022,512,w,32.420658
220771,3072,r,32.427211
619057,512,w,32.427211
224747,3072,r,32.453426
861103,512,w,32.47964
241527,3072,r,32.492748
619057,512,w,32.505855
432902,2048,r,32.545177
92477,1024,r,32.545177
233041,3072,r,32.545177
432902,2048,w,32.571392
861022,512,w,32.571392
223919,3072,r,32.577945
193559,1024,w,32.584499
626885,512,w,32.617267
223925,3072,r,32.617267
193559,1024,w,32.669696
223931,3072,r,32.67625
861092,512,r,32.689357
432902,2048,r,32.695911
223937,3072,r,32.695911
223943,3072,r,32.715572
861159,512,r,32.728679
223949,3072,r,32.735233
432902,2048,w,32.74834
642570,512,r,32.768001
223955,3072,r,32.768001
626885,512,w,32.781108
999109,512,r,32.787662
223961,3072,r,32.794216
642573,1536,r,32.800769
223967,3072,r,32.807323
877566,3072,r,32.82698
618217,512,w,32.853195
217931,3072,r,32.859748
991801,512,r,32.885963
231989,3072,r,32.892517
642577,512,w,32.89907
221697,3072,r,32.925285
861088,512,r,32.944946
618217,512,w,32.951499
226963,3072,r,32.958053
220849,3072,r,32.984268
861107,512,r,32.997375
223901,3072,r,33.017036
618120,512,w,33.017036
575644,32768,w,33.030143
861130,512,r,33.049804
215697,3072,r,33.049804
642577,512,w,33.069465
876834,3072,r,33.089126
861262,512,r,33.09568
618120,512,w,33.115341
215637,3072,r,33.121894
219877,3072,r,33.141555
861179,512,r,33.161216
877080,3072,r,33.174324
705579,1024,r,33.174324
223773,3072,r,33.187431
861080,512,r,33.200538
368745,1536,r,33.213645
876030,3072,r,33.226753
861296,512,r,33.233306
227125,3072,r,33.246414
368754,6656,r,33.246414
224897,3072,r,33.272628
368745,1536,w,33.272628
861090,512,r,33.285736
231491,3072,r,33.292289
368754,6656,w,33.298843
221649,3072,r,33.3185
861220,512,r,33.338161
218753,3072,r,33.351268
623182,512,w,33.370929
224051,3072,r,33.384037
861133,512,r,33.403697
229863,3072,r,33.410251
228339,3072,r,33.436466
999113,512,r,33.456127
643114,512,r,33.469234
221287,3072,r,33.475788
