657728,8192,R,0.011413
31244784,32768,R,0.011565
21868784,8192,R,0.011721
34567136,32768,R,0.016187
11813968,16384,R,0.018256
32234560,8192,R,0.020103
10741440,8192,R,0.020836
23247248,8192,R,0.023645
692176,8192,R,0.024237
32234576,8192,R,0.034911
23043232,8192,R,0.035066
983392,8192,R,0.03693
21389536,32768,R,0.054179
21389600,16384,R,0.054423
32570576,32768,R,0.054632
21389664,8192,R,0.054857
19176544,8192,R,0.056275
31552896,32768,R,0.065649
34567200,32768,R,0.071732
23043296,8192,R,0.075406
19273056,32768,R,0.079526
22189200,8192,R,0.079683
31552960,32768,R,0.081334
34491536,8192,R,0.082857
8604256,8192,R,0.083065
21389680,8192,R,0.084734
23312336,8192,R,0.085731
19410688,24576,R,0.094326
11814000,32768,R,0.09898
30701824,8192,R,0.104839
30878928,8192,R,0.104993
19273120,16384,R,0.105151
19273248,16384,R,0.105309
22189216,8192,R,0.105469
8604288,8192,R,0.106773
23247264,32768,R,0.110451
22389344,24576,R,0.110614
23247328,16384,R,0.110775
32570640,16384,R,0.110936
21688688,8192,R,0.123107
8745312,8192,R,0.129205
21679168,16384,R,0.132861
30386064,8192,R,0.140927
693472,8192,R,0.14427
23216352,32768,R,0.1444
20882400,8192,R,0.144533
23216416,24576,R,0.144667
22178944,32768,R,0.144806
22179008,8192,R,0.144944
22966384,8192,R,0.146591
552192,8192,R,0.148788
12395600,24576,R,0.154909
19410736,32768,R,0.157152
22966496,16384,R,0.157604
19410800,8192,R,0.167554
12395648,32768,R,0.168493
21677136,8192,R,0.169269
13194384,8192,R,0.17384
30689136,8192,R,0.185676
552208,32768,R,0.191901
552272,16384,R,0.192034
32291664,8192,R,0.194701
30687088,8192,R,0.195214
21390144,8192,R,0.202427
23216464,8192,R,0.217055
11814064,16384,R,0.217621
21868832,8192,R,0.220808
24656304,8192,R,0.221169
10282320,32768,R,0.221696
13970896,16384,R,0.225729
21068800,16384,R,0.228953
31243584,8192,R,0.236123
21868912,8192,R,0.242427
31073616,8192,R,0.245894
10282384,32768,R,0.246506
21987648,8192,R,0.246729
31243600,32768,R,0.25361
13970928,32768,R,0.25385
31243664,24576,R,0.254076
13970992,16384,R,0.254303
21800288,8192,R,0.258265
21068832,32768,R,0.260205
21068896,16384,R,0.260438
30579568,8192,R,0.263442
694768,8192,R,0.264618
518256,8192,R,0.268733
189088,8192,R,0.269837
32249408,8192,R,0.276275
22368208,8192,R,0.276426
31927488,8192,R,0.280628
22189376,8192,R,0.285027
21687680,8192,R,0.285188
25719808,8192,R,0.28801
23191056,8192,R,0.288172
31477440,24576,R,0.293614
22646656,16384,R,0.29584
22646688,32768,R,0.302772
24867168,16384,R,0.305602
23191152,8192,R,0.305828
31927504,32768,R,0.30668
31927568,16384,R,0.306939
30673088,8192,R,0.312763
8746896,8192,R,0.312983
30503056,8192,R,0.318197
189104,32768,R,0.329358
189168,16384,R,0.330375
30502640,8192,R,0.330538
22646752,16384,R,0.330838
21869056,8192,R,0.331762
694992,8192,R,0.332805
30286848,8192,R,0.333731
24867200,32768,R,0.336005
19733120,24576,R,0.34471
32877408,16384,R,0.344942
18950528,32768,R,0.346671
21389696,32768,R,0.347049
21389760,16384,R,0.347287
21389888,8192,R,0.347521
21869136,8192,R,0.350457
18233232,8192,R,0.352844
30812176,8192,R,0.354779
22189616,8192,R,0.362587
21710880,8192,R,0.362744
21064672,8192,R,0.362906
8747024,8192,R,0.363921
24867264,16384,R,0.369514
34834336,32768,R,0.372985
18950592,32768,R,0.373145
30529456,8192,R,0.376676
11762640,16384,R,0.377815
155312,8192,R,0.377979
22189648,8192,R,0.380037
30714448,8192,R,0.381219
23510832,8192,R,0.381813
30942832,8192,R,0.38411
30665040,8192,R,0.397539
22966688,32768,R,0.397702
22966752,16384,R,0.39932
21710896,8192,R,0.399483
8747120,8192,R,0.399795
30872336,8192,R,0.400482
19881600,8192,R,0.403807
25546336,32768,R,0.408199
155328,24576,R,0.41195
31017648,8192,R,0.412864
32234592,24576,R,0.415923
19733168,32768,R,0.416175
30900176,8192,R,0.417932
22966784,16384,R,0.418477
30862592,8192,R,0.425736
11762672,32768,R,0.425867
13194848,8192,R,0.428151
30578560,8192,R,0.436338
21786832,8192,R,0.443918
12395728,8192,R,0.444946
21064688,8192,R,0.445528
13194912,8192,R,0.447713
25546400,32768,R,0.447853
31482992,32768,R,0.44972
21710928,8192,R,0.449969
21994448,8192,R,0.45484
20485888,16384,R,0.455063
666976,8192,R,0.455292
34246576,8192,R,0.457346
21869328,8192,R,0.459346
21837744,8192,R,0.459504
30566256,8192,R,0.459962
30623472,8192,R,0.461072
31397648,8192,R,0.465838
12395744,32768,R,0.467057
22358544,8192,R,0.46783
31007088,8192,R,0.475292
32234688,8192,R,0.475775
12395808,24576,R,0.478703
32672080,8192,R,0.483124
30528016,8192,R,0.483283
32782656,8192,R,0.483571
30697440,8192,R,0.486325
31024384,8192,R,0.49751
8748192,8192,R,0.497667
30837088,8192,R,0.497805
31471392,8192,R,0.498656
11762736,16384,R,0.500186
19733232,8192,R,0.502441
34324528,32768,R,0.503594
13971152,24576,R,0.507446
20767360,8192,R,0.508533
30602912,8192,R,0.512794
31051312,8192,R,0.513139
21064704,8192,R,0.515875
21069056,8192,R,0.517887
14514128,8192,R,0.526049
33106768,8192,R,0.527796
19273408,32768,R,0.527952
18104000,8192,R,0.535484
32887648,8192,R,0.536084
13971200,32768,R,0.537684
18233248,32768,R,0.541269
18233312,16384,R,0.541505
19273472,16384,R,0.553324
19273536,16384,R,0.55348
32349824,8192,R,0.562186
20434432,16384,R,0.562315
21992784,8192,R,0.562446
30912288,8192,R,0.562584
14514176,8192,R,0.562726
704944,8192,R,0.568429
662240,8192,R,0.568777
21869840,8192,R,0.570949
14514208,8192,R,0.578052
18764592,8192,R,0.578538
22646912,8192,R,0.585889
32349840,32768,R,0.586962
32349904,8192,R,0.587097
21069088,8192,R,0.589118
14514224,16384,R,0.589555
30588272,8192,R,0.596956
21064720,8192,R,0.599915
30626784,8192,R,0.603829
671024,8192,R,0.604383
21900400,8192,R,0.604926
21069104,32768,R,0.609327
21069168,8192,R,0.609554
20434464,8192,R,0.613295
21838896,8192,R,0.614719
22646928,32768,R,0.614951
23216480,32768,R,0.622844
23216544,16384,R,0.623009
30107728,8192,R,0.624052
30912608,8192,R,0.625675
22646992,24576,R,0.627662
11889696,8192,R,0.631318
23191424,8192,R,0.631474
23191456,8192,R,0.631635
23191488,8192,R,0.631795
34261680,32768,R,0.631957
30919504,8192,R,0.638168
18104016,32768,R,0.639757
18104080,24576,R,0.639991
13195632,8192,R,0.640844
10741584,32768,R,0.641076
20767376,8192,R,0.649165
21390160,8192,R,0.649331
20485920,32768,R,0.649493
20485984,16384,R,0.649661
20434480,8192,R,0.654426
21399408,8192,R,0.659755
23216576,16384,R,0.659924
32887664,32768,R,0.663276
32887728,24576,R,0.663508
20434496,32768,R,0.673549
696816,32768,R,0.67371
696880,8192,R,0.673867
23510976,8192,R,0.683333
30813840,8192,R,0.683494
30298912,8192,R,0.688491
20767392,8192,R,0.688653
21780496,8192,R,0.69187
34246592,8192,R,0.70068
10282704,32768,R,0.700835
22966944,8192,R,0.701807
20767408,8192,R,0.702798
21390176,8192,R,0.703047
22966960,32768,R,0.706509
30910208,8192,R,0.706663
24159456,8192,R,0.706805
10741648,32768,R,0.706943
30101344,8192,R,0.709807
30752080,8192,R,0.718836
20767424,8192,R,0.718999
22967024,8192,R,0.719937
22967136,16384,R,0.720891
12684752,24576,R,0.72356
10282768,32768,R,0.723721
21390048,32768,R,0.728057
21390112,16384,R,0.728215
21390176,16384,R,0.728387
31927600,16384,R,0.728619
34261744,32768,R,0.729796
14514384,8192,R,0.733588
22190640,8192,R,0.73375
20767440,8192,R,0.734742
13279760,8192,R,0.734908
8749376,8192,R,0.735073
31676160,8192,R,0.735317
21064736,8192,R,0.738887
31927632,32768,R,0.739051
705840,8192,R,0.739222
31927696,16384,R,0.754436
20767456,8192,R,0.7546
22124112,8192,R,0.755629
22190672,8192,R,0.75595
33925616,8192,R,0.75685
697360,8192,R,0.761832
21390192,8192,R,0.765529
22093248,8192,R,0.76854
23191776,8192,R,0.771178
22190736,8192,R,0.773581
20767472,8192,R,0.776407
22535648,32768,R,0.780276
31477488,8192,R,0.783734
31885040,8192,R,0.784123
22202960,8192,R,0.7873
33106784,32768,R,0.787557
33106848,8192,R,0.787793
13279776,8192,R,0.788337
13971536,8192,R,0.790802
30095632,8192,R,0.793534
21462368,8192,R,0.793694
18950912,32768,R,0.798052
705888,8192,R,0.800307
21602000,8192,R,0.80354
19410944,32768,R,0.811938
34246608,8192,R,0.812185
21391360,8192,R,0.81513
518848,8192,R,0.818676
22389392,32768,R,0.820924
18950976,32768,R,0.821157
13279792,16384,R,0.821381
13971552,32768,R,0.822258
23327968,8192,R,0.828746
13971616,24576,R,0.829151
8562592,8192,R,0.834767
12396112,32768,R,0.835379
664528,8192,R,0.835606
13195952,8192,R,0.8365
21064752,8192,R,0.838824
23511264,8192,R,0.847127
33969328,8192,R,0.850572
31103008,8192,R,0.858913
698640,8192,R,0.861444
8562608,16384,R,0.863287
21954304,16384,R,0.870831
22647296,32768,R,0.871205
22647360,8192,R,0.871438
23511296,8192,R,0.871783
32234720,24576,R,0.874899
20755840,32768,R,0.878551
20755904,8192,R,0.878712
8758208,8192,R,0.881445
30501168,8192,R,0.882214
12396176,32768,R,0.883888
21954336,32768,R,0.88566
30704160,8192,R,0.88695
510448,16384,R,0.894623
22647376,8192,R,0.895455
21954400,16384,R,0.90016
30916128,8192,R,0.908784
32234768,32768,R,0.912255
32234832,8192,R,0.912482
510480,32768,R,0.914882
20755936,16384,R,0.917913
21069312,32768,R,0.920708
21798192,8192,R,0.925502
22647392,16384,R,0.931263
510544,16384,R,0.933737
30597648,8192,R,0.934756
22083040,8192,R,0.937226
21064768,8192,R,0.938185
33258960,8192,R,0.945969
21798176,8192,R,0.946102
34246624,8192,R,0.947133
31186768,8192,R,0.950013
672560,8192,R,0.951422
30629584,8192,R,0.951558
21069392,8192,R,0.959241
21798160,8192,R,0.959371
22190896,8192,R,0.963984
19273664,32768,R,0.966092
22454688,8192,R,0.968944
31223488,8192,R,0.969691
31012080,8192,R,0.974981
30760096,8192,R,0.980022
22190944,8192,R,0.983585
518944,8192,R,0.98785
700784,8192,R,0.99054
19273728,16384,R,0.992556
19273792,16384,R,0.992787
31011600,8192,R,0.999469
21573456,8192,R,1.002649
8753008,8192,R,1.004338
476528,16384,R,1.015001
701152,8192,R,1.026091
13196128,8192,R,1.02622
33640864,8192,R,1.030318
22505056,16384,R,1.030546
21390336,24576,R,1.031343
11762896,16384,R,1.033821
19411008,8192,R,1.035091
13196208,8192,R,1.044448
476560,32768,R,1.050366
22967328,16384,R,1.052795
30670336,8192,R,1.061328
19411024,24576,R,1.061538
21870672,8192,R,1.064519
22967360,32768,R,1.066874
23216608,24576,R,1.068619
11762928,32768,R,1.071973
476624,16384,R,1.07221
22274720,16384,R,1.07255
21870688,8192,R,1.080056
23511488,8192,R,1.083422
21552560,8192,R,1.085381
34567264,32768,R,1.090825
34567328,32768,R,1.090963
21390384,8192,R,1.092309
19481376,8192,R,1.095618
23511520,8192,R,1.095855
21613152,8192,R,1.100799
30397280,8192,R,1.101425
10819536,8192,R,1.104236
21390400,32768,R,1.104391
22191168,8192,R,1.104663
22967424,16384,R,1.10684
11762992,16384,R,1.108426
22945664,32768,R,1.119981
21613168,8192,R,1.12011
22945728,16384,R,1.120253
21613264,8192,R,1.120386
22945792,8192,R,1.120527
22191200,8192,R,1.120676
30546512,8192,R,1.122865
33640896,8192,R,1.130687
22274752,8192,R,1.13171
10282832,32768,R,1.135934
19881616,16384,R,1.136321
19881664,32768,R,1.13655
9875440,8192,R,1.142081
32062256,8192,R,1.147456
22945808,8192,R,1.149553
12684800,32768,R,1.155251
12684864,8192,R,1.155409
32375856,8192,R,1.159501
10282896,32768,R,1.160093
20434688,32768,R,1.165284
14514976,8192,R,1.16543
20434752,16384,R,1.165569
32062432,8192,R,1.167082
19481392,8192,R,1.174745
23044448,8192,R,1.174903
12396368,32768,R,1.175064
12396432,8192,R,1.175229
33640928,8192,R,1.184562
19481408,32768,R,1.186369
22274768,24576,R,1.18986
22274912,16384,R,1.190019
20434784,16384,R,1.200935
31330544,8192,R,1.201092
31755200,8192,R,1.201418
23192192,8192,R,1.20224
8562640,16384,R,1.204706
30883024,8192,R,1.214326
21607472,8192,R,1.214675
21878432,8192,R,1.217184
703088,24576,R,1.223798
12396448,24576,R,1.224753
8562672,32768,R,1.226328
30875824,8192,R,1.233848
23511744,16384,R,1.23519
23511792,8192,R,1.235419
23216672,8192,R,1.237102
18951168,32768,R,1.239294
13971792,32768,R,1.245457
10819552,8192,R,1.245691
13971856,16384,R,1.245916
19803744,32768,R,1.249363
8562736,16384,R,1.251693
23216688,24576,R,1.252065
23647680,8192,R,1.252362
21494464,8192,R,1.253473
30849312,8192,R,1.25371
21069568,16384,R,1.254975
9875456,32768,R,1.261068
9875520,8192,R,1.26135
31755552,8192,R,1.261884
34246640,8192,R,1.262582
18951232,32768,R,1.274035
19733248,32768,R,1.274168
31006912,8192,R,1.275676
19733312,8192,R,1.275838
33925632,32768,R,1.275998
33925696,16384,R,1.276158
13971888,16384,R,1.278395
22079904,8192,R,1.28484
22535712,32768,R,1.286626
703824,8192,R,1.292291
19803808,32768,R,1.296675
510576,16384,R,1.296839
13950032,24576,R,1.296993
22191392,8192,R,1.302578
31238048,8192,R,1.302738
23647760,8192,R,1.303706
23045040,8192,R,1.307746
21069600,32768,R,1.307907
21069664,16384,R,1.308068
17648304,8192,R,1.308712
22647552,32768,R,1.3125
22647616,16384,R,1.312669
23192480,8192,R,1.312837
510608,32768,R,1.315175
30196880,8192,R,1.316156
13950080,32768,R,1.322366
13950144,8192,R,1.32252
22964576,8192,R,1.32438
23647920,8192,R,1.326734
32386496,8192,R,1.331736
23045152,8192,R,1.33872
510672,16384,R,1.338886
13196624,8192,R,1.363022
22219184,8192,R,1.369217
30151520,8192,R,1.380633
31927728,32768,R,1.392052
31927792,24576,R,1.393175
23192560,8192,R,1.399979
23045280,8192,R,1.405596
19733328,8192,R,1.408417
19733472,16384,R,1.40875
13196640,8192,R,1.429417
22625920,32768,R,1.442881
22625984,8192,R,1.443114
21871120,8192,R,1.443339
31927840,8192,R,1.445142
32552496,24576,R,1.445753
32063328,8192,R,1.446538
20807264,32768,R,1.447059
20807328,16384,R,1.447296
20807392,8192,R,1.447526
31954384,8192,R,1.448064
22647648,8192,R,1.448306
6112,8192,W,1.448553
25949120,8192,W,1.448821
31869792,24576,R,1.454788
10969552,8192,R,1.45608
24905568,16384,R,1.457982
24905600,32768,R,1.471386
20756064,32768,R,1.475145
20756128,16384,R,1.475303
22647664,8192,R,1.476554
32872896,8192,R,1.479417
10812112,32768,R,1.481384
22626032,8192,R,1.481542
10812176,32768,R,1.48837
8757424,8192,R,1.493834
32552544,32768,R,1.494984
32867584,8192,R,1.495528
22155360,8192,R,1.495766
24905664,16384,R,1.495998
24384096,24576,R,1.500206
30760512,8192,R,1.503819
30499488,8192,R,1.503977
10819568,8192,R,1.513616
31094528,8192,R,1.514713
671344,8192,R,1.516235
22708448,8192,R,1.519529
30783104,8192,R,1.523669
32552608,8192,R,1.52768
476656,16384,R,1.530957
33619760,16384,R,1.532487
23512000,8192,R,1.535201
8521296,8192,R,1.535422
705616,8192,R,1.54381
19481664,8192,R,1.544693
22210800,8192,R,1.548015
23512080,8192,R,1.552196
33619792,32768,R,1.552331
476688,32768,R,1.552653
30428864,8192,R,1.558504
22210784,8192,R,1.560812
21358592,24576,R,1.561045
34246656,8192,R,1.562102
33619856,16384,R,1.569743
30987792,8192,R,1.569895
20756192,8192,R,1.570049
31207216,8192,R,1.570204
22967616,8192,R,1.570472
30708288,8192,R,1.574717
476752,16384,R,1.574858
22945936,8192,R,1.584251
19481680,8192,R,1.585377
22154672,8192,R,1.587002
32063504,8192,R,1.587392
21390592,16384,R,1.587631
22169872,8192,R,1.589583
20756208,8192,R,1.591465
21824704,8192,R,1.591697
22967632,24576,R,1.595122
22967808,16384,R,1.59529
22708464,8192,R,1.595458
13197152,8192,R,1.597247
10741712,8192,R,1.600616
30987776,8192,R,1.601555
8521312,8192,R,1.601716
22945952,32768,R,1.602053
22946048,16384,R,1.602312
14650976,8192,R,1.606882
671872,8192,R,1.607051
30708304,8192,R,1.614576
31756352,8192,R,1.614726
14515440,8192,R,1.61488
21390624,32768,R,1.61717
10819584,8192,R,1.617324
30820896,8192,R,1.62148
19481696,16384,R,1.621631
25546464,32768,R,1.622608
32234864,8192,R,1.624669
8521328,8192,R,1.638083
21785536,8192,R,1.638676
14515456,16384,R,1.64078
14515504,8192,R,1.64101
21871728,8192,R,1.6419
25087968,32768,R,1.642131
21390688,16384,R,1.647272
20807408,8192,R,1.651862
24512896,8192,R,1.652002
22192176,8192,R,1.660085
24060256,8192,R,1.660223
31077184,8192,R,1.660557
22189408,8192,R,1.660897
25546528,32768,R,1.661675
34246672,8192,R,1.662983
32859360,24576,R,1.664065
24512912,32768,R,1.664915
24512976,8192,R,1.665152
22192256,8192,R,1.675033
30990928,8192,R,1.675188
13972176,24576,R,1.679994
8521344,8192,R,1.680225
13950416,16384,R,1.683079
8562768,16384,R,1.687191
32859408,32768,R,1.691413
22192272,8192,R,1.691565
32063808,8192,R,1.691722
519584,8192,R,1.697132
30374992,8192,R,1.697286
21597824,8192,R,1.697448
706288,8192,R,1.697605
21998336,8192,R,1.698148
33334704,32768,R,1.703834
24060272,32768,R,1.703986
24060336,24576,R,1.704141
10741728,32768,R,1.7043
10741792,24576,R,1.704463
31239680,8192,R,1.704856
14651024,8192,R,1.705095
33226288,24576,R,1.708082
8521360,8192,R,1.708229
30698784,8192,R,1.710824
32859472,8192,R,1.713243
13972224,32768,R,1.713405
13972288,8192,R,1.713572
21597808,8192,R,1.713829
30435168,8192,R,1.722974
23045920,8192,R,1.728375
13950448,32768,R,1.728859
13950512,16384,R,1.729106
8521376,8192,R,1.729348
519600,16384,R,1.73074
519648,8192,R,1.730978
30890144,8192,R,1.731243
21411808,8192,R,1.741359
30964640,8192,R,1.750098
21358640,32768,R,1.750252
672496,8192,R,1.750557
8562800,8192,R,1.752623
22222032,8192,R,1.756385
21010816,32768,R,1.756546
21010880,32768,R,1.756707
33226368,8192,R,1.761389
8521392,8192,R,1.761527
30425728,8192,R,1.768164
22185808,8192,R,1.768325
23192736,8192,R,1.76892
30399888,8192,R,1.772791
8562816,8192,R,1.773692
21420304,8192,R,1.774417
32772912,8192,R,1.775669
32375872,32768,R,1.781844
31471440,8192,R,1.781999
32375936,24576,R,1.783096
30354624,8192,R,1.78758
32064160,8192,R,1.793035
33226384,16384,R,1.793192
10819600,8192,R,1.793348
58224,32768,R,1.793506
58288,16384,R,1.793661
30117152,8192,R,1.794407
8758832,8192,R,1.794716
30410128,8192,R,1.799716
8521408,8192,R,1.799872
31471424,8192,R,1.800038
13197392,8192,R,1.800197
13197456,16384,R,1.800359
11763152,16384,R,1.800644
22647936,32768,R,1.800909
22648000,24576,R,1.80116
22626176,32768,R,1.802501
32835376,8192,R,1.808027
8562832,32768,R,1.808189
32064176,32768,R,1.811543
32064240,8192,R,1.811805
34621488,16384,R,1.814161
19411072,8192,R,1.819995
22496512,8192,R,1.820146
22626240,32768,R,1.820311
30425712,8192,R,1.820547
21661488,8192,R,1.831461
21094208,8192,R,1.836544
23840480,24576,R,1.836702
30111680,8192,R,1.838146
22496528,32768,R,1.84458
11763184,32768,R,1.844736
22134672,8192,R,1.851888
22648048,8192,R,1.853708
19411088,32768,R,1.858232
21661504,16384,R,1.85949
23512336,8192,R,1.859852
33109056,8192,R,1.860201
19411152,24576,R,1.869842
11763248,16384,R,1.869996
30503168,8192,R,1.870155
23046800,8192,R,1.870312
23840528,32768,R,1.870472
30609856,8192,R,1.873168
21871872,8192,R,1.877564
23512464,8192,R,1.883983
21907344,8192,R,1.884118
510704,32768,R,1.88535
21094224,8192,R,1.887557
20749696,32768,R,1.889392
20749760,24576,R,1.889633
21871968,8192,R,1.890595
33532704,8192,R,1.893231
23840592,8192,R,1.895749
673936,8192,R,1.899873
30813568,8192,R,1.905799
510768,32768,R,1.908476
8760304,8192,R,1.911074
21779280,8192,R,1.91492
30109072,8192,R,1.920059
22274640,8192,R,1.926222
20749808,8192,R,1.929998
33532720,32768,R,1.930212
33532784,24576,R,1.930448
22946208,8192,R,1.932125
22967968,32768,R,1.934182
22968032,16384,R,1.934511
31239696,24576,R,1.936899
30704528,8192,R,1.951024
20434944,32768,R,1.952035
8656432,8192,R,1.952189
20435008,24576,R,1.952355
32552624,24576,R,1.953401
469232,8192,R,1.95356
708592,8192,R,1.953721
21621840,8192,R,1.953941
14515664,8192,R,1.959379
22946224,8192,R,1.960325
22968160,16384,R,1.964003
22192416,8192,R,1.966209
21691840,8192,R,1.966717
32552672,32768,R,1.973005
14515744,8192,R,1.97681
22946240,32768,R,1.980492
469248,8192,R,1.98065
22946400,16384,R,1.980808
10819616,8192,R,1.980966
12100816,16384,R,1.983022
180288,32768,R,1.984571
30418944,8192,R,1.98471
180352,24576,R,1.984851
21691264,8192,R,1.98893
20435056,8192,R,1.993744
674704,8192,R,2.000088
469264,8192,R,2.00409
21487840,8192,R,2.004965
12100848,8192,R,2.020149
32552736,8192,R,2.025534
24513024,8192,R,2.025668
12100864,32768,R,2.030127
12100928,8192,R,2.030353
13197760,8192,R,2.032025
11814224,32768,R,2.032925
11814288,16384,R,2.033177
469280,8192,R,2.033411
31988736,8192,R,2.033625
32671008,8192,R,2.034288
22454704,8192,R,2.035384
180400,8192,R,2.038911
32065504,8192,R,2.043015
24513088,8192,R,2.049327
21070784,32768,R,2.049999
21070848,16384,R,2.050283
21070912,16384,R,2.050525
13950672,24576,R,2.051065
30487328,8192,R,2.05704
469296,8192,R,2.057192
24513104,8192,R,2.062225
30714544,8192,R,2.071624
21872128,8192,R,2.072442
476784,32768,R,2.07314
30418832,8192,R,2.073374
20773248,32768,R,2.07606
20773312,8192,R,2.076288
13972560,32768,R,2.07694
13972624,16384,R,2.077918
469312,8192,R,2.079453
21872224,8192,R,2.087223
62576,8192,R,2.087359
10819632,8192,R,2.091829
476848,32768,R,2.094183
32835392,8192,R,2.099841
20773328,24576,R,2.100003
469328,8192,R,2.100392
32065904,8192,R,2.102483
23951760,8192,R,2.102929
20756320,24576,R,2.104768
30385856,8192,R,2.104932
18556640,16384,R,2.107912
23512704,8192,R,2.110929
30514496,8192,R,2.115661
13972656,16384,R,2.115795
62592,32768,R,2.115934
13950720,32768,R,2.116069
62656,24576,R,2.116219
13950784,8192,R,2.116356
469344,8192,R,2.120592
22751424,8192,R,2.123456
32859488,24576,R,2.128666
31746464,8192,R,2.13507
31758912,8192,R,2.135222
33226416,8192,R,2.135491
23512736,8192,R,2.147242
22648320,32768,R,2.1474
22648384,24576,R,2.147666
20756368,24576,R,2.152026
20756448,8192,R,2.152184
32859536,32768,R,2.156155
23035936,8192,R,2.160666
33226432,32768,R,2.162764
13197776,8192,R,2.162918
33226496,24576,R,2.163077
23328832,8192,R,2.164037
21514128,32768,R,2.166414
21514192,8192,R,2.166646
21514304,8192,R,2.169584
30655392,8192,R,2.169749
20323072,8192,R,2.169928
22626560,32768,R,2.170163
22626624,8192,R,2.170404
19733504,32768,R,2.179088
13197856,8192,R,2.179235
19733568,8192,R,2.179398
32990960,8192,R,2.187566
22648432,8192,R,2.187733
32859600,8192,R,2.188791
30654992,8192,R,2.193348
21402368,8192,R,2.19351
30823840,8192,R,2.193673
14516096,24576,R,2.194655
10234352,8192,R,2.196532
14516160,8192,R,2.198353
20756464,8192,R,2.199139
21094368,8192,R,2.203091
32990976,24576,R,2.20717
22626640,8192,R,2.210378
21358704,8192,R,2.216613
21094384,32768,R,2.216744
21094448,24576,R,2.216879
31759280,32768,R,2.217713
31759344,24576,R,2.217954
22626656,16384,R,2.219306
8606144,8192,R,2.225738
22751440,8192,R,2.227818
12077520,32768,R,2.230923
12077584,32768,R,2.231147
30673840,8192,R,2.236264
31471456,8192,R,2.237468
25532384,32768,R,2.248931
19733584,8192,R,2.249085
19733728,16384,R,2.249241
8562896,32768,R,2.249399
21514320,8192,R,2.250839
22968320,24576,R,2.265138
22751456,8192,R,2.265299
30981520,8192,R,2.265459
22968368,24576,R,2.267394
22968448,8192,R,2.267635
23193376,8192,R,2.274012
8562960,32768,R,2.274151
23193408,8192,R,2.27429
23193440,8192,R,2.274428
25532448,32768,R,2.277518
21629456,8192,R,2.292906
23840608,24576,R,2.29304
20323088,8192,R,2.296527
23512896,8192,R,2.298486
33109072,8192,R,2.302664
31094688,8192,R,2.30844
20749952,32768,R,2.308594
22968464,8192,R,2.308899
33532832,32768,R,2.310759
33532896,32768,R,2.310999
22454720,8192,R,2.314805
21804160,8192,R,2.321041
21872528,8192,R,2.322364
33109088,32768,R,2.323191
33109152,8192,R,2.32342
22946592,32768,R,2.331576
22946656,16384,R,2.331736
30717584,8192,R,2.332144
20750016,32768,R,2.334166
21872560,8192,R,2.334809
510832,32768,R,2.343064
30641232,8192,R,2.343398
30566016,8192,R,2.343997
