303567,3584,w,0
55590,3072,w,0
303574,3584,w,0.026214
240840,3072,w,0.026214
55596,3072,r,0.078643
303581,3584,w,0.117964
55596,3072,w,0.117964
303588,3584,w,0.530841
55596,3072,w,0.530841
303595,3584,w,0.550502
240840,3072,w,0.550502
55602,3072,r,0.602931
303602,3584,w,0.648806
55602,3072,w,0.648806
303609,3584,w,0.91095
55602,3072,w,0.91095
303616,3584,w,0.930611
240840,3072,w,0.930611
55608,3072,r,0.98304
303623,3584,w,1.028915
55608,3072,w,1.028915
303630,3584,w,1.33038
55608,3072,w,1.33038
303637,3584,w,1.343487
240840,3072,w,1.343487
55614,3072,r,1.395916
303644,3584,w,1.441792
55614,3072,w,1.441792
303651,3584,w,1.723596
55614,3072,w,1.723596
303658,3584,w,1.736704
240840,3072,w,1.736704
303665,3584,w,1.769472
206064,3072,w,1.769472
817767,3072,w,1.769472
55620,3072,r,1.80224
303672,3584,w,1.808793
361644,3072,w,1.808793
973347,3072,w,1.808793
303679,3584,w,1.841561
55620,3072,w,1.841561
840815,12288,w,1.887436
18046,512,w,1.939865
287047,512,w,1.939865
140946,3072,w,1.946419
211167,3072,w,1.946419
878231,1024,w,1.946419
1002245,1024,w,1.946419
725318,512,w,1.946419
206064,3072,w,1.946419
817767,3072,w,1.946419
760114,512,w,1.946419
303686,12288,w,1.946419
840815,512,w,2.070937
303710,1536,w,2.116812
878231,1024,w,2.116812
1002245,1024,w,2.116812
269732,1024,w,2.175795
270734,1024,w,2.175795
269732,1024,r,2.215116
303713,3584,w,2.22167
55620,3072,w,2.22167
303720,1536,w,2.234777
878231,1024,w,2.234777
1002245,1024,w,2.234777
303723,3584,w,2.267545
240840,3072,w,2.267545
55638,3072,r,2.319974
146150,2560,w,2.326528
31682,2560,w,2.333081
269732,1024,w,2.346188
270734,1024,w,2.346188
450542,1024,w,2.346188
450542,1024,w,2.346188
303730,3584,w,2.365849
55638,3072,w,2.365849
146150,512,w,2.398617
31682,512,w,2.398617
303737,3584,w,2.778726
55638,3072,w,2.778726
303744,3584,w,2.80494
240840,3072,w,2.80494
55656,3072,r,2.844262
303751,3584,w,2.883584
55656,3072,w,2.883584
303758,3584,w,3.224371
55656,3072,w,3.224371
619165,512,r,3.224371
303765,3584,w,3.244031
240840,3072,w,3.244031
55662,3072,r,3.289907
303772,3584,w,3.329228
55662,3072,w,3.329228
618195,512,r,3.565158
303779,3584,w,3.781427
55662,3072,w,3.781427
303786,3584,w,3.801088
240840,3072,w,3.807641
55668,3072,r,3.853516
618773,512,r,3.866624
303793,3584,w,3.892838
55668,3072,w,3.892838
303800,3584,w,4.141875
55668,3072,w,4.141875
303807,3584,w,4.181196
240840,3072,w,4.18775
55674,3072,r,4.233625
303814,3584,w,4.272947
55674,3072,w,4.272947
618167,512,r,4.731699
303821,3584,w,4.744806
55674,3072,w,4.744806
618168,8192,r,4.757913
303828,3584,w,4.764467
240840,3072,w,4.764467
55692,3072,r,4.810342
303835,3584,w,4.849664
55692,3072,w,4.849664
617992,512,r,5.052825
303842,3584,w,5.151129
55692,3072,w,5.151129
303849,3584,w,5.17079
240840,3072,w,5.177343
55698,3072,r,5.223219
303856,3584,w,5.26254
55698,3072,w,5.26254
618113,512,r,5.380505
303863,3584,w,5.603328
55698,3072,w,5.603328
303870,3584,w,5.622988
240840,3072,w,5.622988
55704,3072,r,5.668864
617943,512,r,5.714739
303877,3584,w,5.714739
55704,3072,w,5.714739
303884,3584,w,5.839257
206070,3072,w,5.839257
817773,3072,w,5.839257
303891,3584,w,5.878579
361650,3072,w,5.878579
973353,3072,w,5.878579
841315,12288,w,5.970329
16601,512,w,6.009651
285602,512,w,6.009651
140952,3072,w,6.009651
211173,3072,w,6.009651
878233,1024,w,6.009651
1002247,1024,w,6.009651
725319,512,w,6.009651
206070,3072,w,6.016204
817773,3072,w,6.016204
760113,512,w,6.016204
303898,12288,w,6.022758
303922,3584,w,6.042419
55704,3072,w,6.042419
303929,3584,w,6.062079
240840,3072,w,6.062079
55710,3072,r,6.114508
841315,512,w,6.121062
303936,3584,w,6.166937
55710,3072,w,6.166937
303943,1536,w,6.186598
878233,1024,w,6.186598
1002247,1024,w,6.186598
269734,1024,w,6.24558
270736,1024,w,6.24558
269734,1024,r,6.271795
303946,1536,w,6.278348
878233,1024,w,6.278348
1002247,1024,w,6.278348
618773,512,r,6.284902
303949,3584,w,6.291456
206076,3072,w,6.291456
817779,3072,w,6.291456
303956,3584,w,6.356992
361650,3072,w,6.356992
40071,512,r,6.363545
973353,3072,w,6.363545
146350,2560,w,6.383206
31882,2560,w,6.383206
269734,1024,w,6.402867
270736,1024,w,6.402867
450544,1024,w,6.40942
450544,1024,w,6.40942
433573,1024,r,6.40942
146350,512,w,6.455296
31882,512,w,6.455296
84231,1024,r,6.455296
303963,3584,w,6.527385
55710,3072,w,6.527385
303970,3584,w,6.566707
240840,3072,w,6.566707
840315,12288,w,6.586368
55728,3072,r,6.606029
16601,512,w,6.651904
285602,512,w,6.651904
140958,3072,w,6.658457
211179,3072,w,6.658457
878235,1024,w,6.658457
1002249,1024,w,6.658457
725320,512,w,6.658457
206076,3072,w,6.658457
817779,3072,w,6.658457
760113,512,w,6.658457
303977,12288,w,6.658457
304001,3584,w,6.7371
55728,3072,w,6.7371
840315,512,w,6.782976
304008,1536,w,6.822297
878235,1024,w,6.822297
1002249,1024,w,6.822297
269736,1024,w,6.887833
270738,1024,w,6.887833
269736,1024,r,6.920601
304011,1536,w,6.920601
878235,1024,w,6.920601
1002249,1024,w,6.920601
619112,512,r,6.953369
304014,3584,w,7.012351
55728,3072,w,7.012351
146550,2560,w,7.032012
32082,2560,w,7.032012
304021,3584,w,7.051673
240840,3072,w,7.051673
269736,1024,w,7.051673
270738,1024,w,7.051673
450546,1024,w,7.051673
450546,1024,w,7.051673
55734,3072,r,7.104102
146550,512,w,7.117209
32082,512,w,7.117209
304028,3584,w,7.149977
55734,3072,w,7.149977
304035,3584,w,7.897088
55734,3072,w,7.897088
304042,3584,w,7.923302
240840,3072,w,7.923302
55740,3072,r,7.975731
304049,3584,w,8.015052
55740,3072,w,8.015052
304056,3584,w,8.395161
206082,3072,w,8.395161
817785,3072,w,8.395161
304063,3584,w,8.421376
55740,3072,w,8.421376
304070,3584,w,8.441037
240840,3072,w,8.441037
304077,3584,w,8.460697
361644,3072,w,8.460697
973347,3072,w,8.460697
55746,3072,r,8.486911
304084,3584,w,8.532787
55746,3072,w,8.532787
840815,12288,w,8.572109
20403,512,w,8.624537
289404,512,w,8.624537
140964,3072,w,8.624537
211185,3072,w,8.624537
878237,1024,w,8.624537
1002251,1024,w,8.624537
725321,512,w,8.631091
206082,3072,w,8.631091
817785,3072,w,8.631091
760114,512,w,8.631091
304091,12288,w,8.631091
619257,512,r,8.676966
619194,512,r,8.703181
624698,512,r,8.729394
840815,512,w,8.742502
625413,512,r,8.749055
624273,3072,r,8.77527
619592,3072,r,8.794931
304115,1536,w,8.801485
878237,1024,w,8.801485
1002251,1024,w,8.801485
304118,3584,w,8.834252
55746,3072,w,8.834252
304125,3584,w,8.860466
240840,3072,w,8.860466
269738,1024,w,8.860466
270740,1024,w,8.860466
624558,512,r,8.880127
269738,1024,r,8.899788
304132,1536,w,8.906342
878237,1024,w,8.906342
1002251,1024,w,8.906342
624862,512,r,8.912896
55752,3072,r,8.932557
770748,512,r,8.93911
447824,512,r,8.93911
304135,3584,w,8.991539
55752,3072,w,8.991539
146150,2560,w,9.043968
31682,2560,w,9.050521
269738,1024,w,9.070182
270740,1024,w,9.070182
450548,1024,w,9.070182
450548,1024,w,9.070182
146150,512,w,9.122611
31682,512,w,9.122611
386238,512,r,9.135718
43697,512,r,9.188147
758692,512,r,9.234022
304142,3584,w,9.247129
55752,3072,w,9.247129
444131,1024,r,9.26679
304149,3584,w,9.286451
240840,3072,w,9.286451
55758,3072,r,9.345433
107821,4096,r,9.384755
304156,3584,w,9.391308
55758,3072,w,9.391308
838506,6656,w,9.450291
107821,4096,w,9.509273
234342,2048,w,9.509273
205474,6656,w,9.509273
838506,512,w,9.614131
304163,3584,w,9.823846
55758,3072,w,9.823846
304170,3584,w,9.843506
240840,3072,w,9.843506
55764,3072,r,9.889382
304177,3584,w,9.935257
55764,3072,w,9.935257
107349,4096,r,9.961471
107349,4096,r,10.040115
252068,2048,r,10.066329
252072,2048,r,10.10565
838506,4608,w,10.131865
304184,3584,w,10.184294
55764,3072,w,10.184294
107349,4096,w,10.190848
205487,4608,w,10.190848
304191,3584,w,10.203955
240840,3072,w,10.203955
838506,512,w,10.262937
55770,3072,r,10.269491
304198,3584,w,10.302259
55770,3072,w,10.302259
304205,3584,w,10.6496
55770,3072,w,10.6496
304212,3584,w,10.662707
240840,3072,w,10.662707
55776,3072,r,10.715135
304219,3584,w,10.747903
55776,3072,w,10.747903
871567,512,r,11.186995
871568,1024,r,11.245977
871570,1024,r,11.265638
871573,1024,r,11.311513
304226,3584,w,11.331174
55776,3072,w,11.331174
304233,3584,w,11.344281
240840,3072,w,11.344281
871571,1024,r,11.357388
55782,3072,r,11.390156
871574,512,r,11.39671
871572,512,r,11.422925
304240,3584,w,11.429478
55782,3072,w,11.429478
871574,512,r,11.442585
871842,512,r,11.449139
871843,1024,r,11.475353
871845,512,r,11.48846
871846,512,r,11.508121
871844,512,r,11.527782
871845,1024,r,11.553997
871846,1024,r,11.580211
871845,512,r,11.593318
871842,1024,r,11.612978
871848,1024,r,11.645747
871849,512,r,11.658854
871849,512,r,11.678515
304247,3584,w,11.678515
55782,3072,w,11.678515
871849,512,r,11.691622
871847,1024,r,11.711283
304254,3584,w,11.711283
240840,3072,w,11.711283
871848,512,r,11.72439
871848,512,r,11.744051
871848,512,r,11.757158
55788,3072,r,11.770265
871849,1024,r,11.789926
304261,3584,w,11.809587
55788,3072,w,11.809587
871844,512,r,11.809587
871844,1024,r,11.835802
871845,512,r,11.855462
871843,512,r,11.875123
871850,512,r,11.907891
871572,1024,r,11.920998
871842,512,r,11.966873
871846,512,r,11.986534
871847,512,r,12.006195
871846,512,r,12.025856
871847,512,r,12.038963
871567,1024,r,12.058624
871569,512,r,12.084838
871568,512,r,12.104498
871569,1024,r,12.117606
871568,512,r,12.137267
304268,3584,w,12.150374
206088,3072,w,12.150374
817791,3072,w,12.150374
871570,512,r,12.156928
871850,512,r,12.183142
304275,3584,w,12.209357
361644,3072,w,12.209357
973347,3072,w,12.209357
618223,512,r,12.268339
871850,1024,r,12.288
304282,3584,w,12.314214
55788,3072,w,12.314214
304289,3584,w,12.340428
240840,3072,w,12.340428
55794,3072,r,12.37975
304296,3584,w,12.425625
55794,3072,w,12.425625
841315,28160,w,12.432179
18055,512,w,12.523929
287056,512,w,12.523929
618435,512,r,12.523929
19826,512,w,12.523929
288827,512,w,12.523929
140970,3072,w,12.530483
211191,3072,w,12.530483
878239,1024,w,12.530483
1002253,1024,w,12.530483
591387,3072,w,12.530483
591387,3072,w,12.530483
55932,3072,w,12.530483
591393,3072,w,12.530483
591393,3072,w,12.530483
304303,28160,w,12.530483
618662,512,r,12.628787
55938,3072,w,12.63534
55944,3072,w,12.63534
206088,3072,w,12.641894
817791,3072,w,12.641894
760114,512,w,12.641894
841315,512,w,12.700877
304358,1536,w,12.740198
878239,1024,w,12.740198
1002253,1024,w,12.740198
269740,1024,w,12.799181
270742,1024,w,12.799181
269740,1024,r,12.845055
304361,1536,w,12.845055
878239,1024,w,12.845055
1002253,1024,w,12.845055
146350,2560,w,12.969574
31882,2560,w,12.969574
269740,1024,w,12.982681
270742,1024,w,12.982681
450550,1024,w,12.989234
450550,1024,w,12.989234
304364,3584,w,13.028556
146350,512,w,13.028556
55794,3072,w,13.028556
31882,512,w,13.028556
304371,3584,w,13.080986
240840,3072,w,13.080986
618509,512,r,13.094092
55800,3072,r,13.139967
618510,8192,r,13.172736
304378,3584,w,13.185843
55800,3072,w,13.185843
304385,3584,w,13.43488
55800,3072,w,13.43488
304392,3584,w,13.461094
240840,3072,w,13.461094
55818,3072,r,13.500415
304399,3584,w,13.539737
55818,3072,w,13.539737
591387,3072,r,13.631487
304406,3584,w,13.644595
591387,3072,w,13.644595
591387,3072,w,13.644595
618898,512,r,13.69047
618865,512,r,13.749452
304413,3584,w,14.077133
591387,3072,w,14.077133
591387,3072,w,14.077133
618366,512,r,14.077133
304420,3584,w,14.096793
55818,3072,w,14.103346
304427,3584,w,14.1099
753921,3072,w,14.1099
753921,3072,w,14.116454
304434,3584,w,14.136115
240840,3072,w,14.136115
618367,8192,r,14.162329
55824,3072,r,14.175436
304441,3584,w,14.214758
55824,3072,w,14.214758
617959,512,r,14.313062
591393,3072,r,14.358937
304448,3584,w,14.411366
591393,3072,w,14.411366
591393,3072,w,14.411366
304455,3584,w,14.496562
55824,3072,w,14.496562
304462,3584,w,14.516223
240840,3072,w,14.516223
304469,3584,w,14.535884
591393,3072,w,14.535884
591393,3072,w,14.535884
304476,3584,w,14.562099
753921,3072,w,14.562099
753921,3072,w,14.568653
55830,3072,r,14.575206
304483,3584,w,14.614527
55830,3072,w,14.614527
618722,512,r,14.647295
618093,1024,r,14.902886
304490,3584,w,15.007743
55830,3072,w,15.007743
304497,3584,w,15.020851
240840,3072,w,15.020851
618223,512,r,15.060173
55836,3072,r,15.066726
304504,3584,w,15.112601
55836,3072,w,15.112601
618212,512,r,15.296102
304511,3584,w,15.368191
55836,3072,w,15.368191
304518,3584,w,15.387852
240840,3072,w,15.387852
55842,3072,r,15.427174
304525,3584,w,15.479602
55842,3072,w,15.479602
304532,3584,w,15.840051
55842,3072,w,15.840051
619053,512,r,15.846605
304539,3584,w,15.872818
240840,3072,w,15.872818
304546,3584,w,15.892479
206094,3072,w,15.892479
817797,3072,w,15.892479
55848,3072,r,15.931801
304553,3584,w,15.931801
206100,3072,w,15.931801
817803,3072,w,15.931801
304560,3584,w,15.951462
361650,3072,w,15.951462
973353,3072,w,15.951462
304567,3584,w,15.977676
361644,3072,w,15.977676
973347,3072,w,15.977676
304574,3584,w,15.990783
55848,3072,w,15.990783
840315,12288,w,16.05632
16601,512,w,16.102195
285602,512,w,16.102195
140976,3072,w,16.102195
211197,3072,w,16.102195
878241,1024,w,16.102195
1002255,1024,w,16.102195
725322,512,w,16.108749
206094,3072,w,16.108749
817797,3072,w,16.108749
760113,512,w,16.108749
304581,12288,w,16.108749
840315,512,w,16.226713
304605,1536,w,16.279142
878241,1024,w,16.279142
1002255,1024,w,16.279142
840815,12288,w,16.285696