21492880,8192,R,3.794705
30843472,8192,R,3.799573
31244912,8192,R,3.808243
22721216,8192,R,3.808398
30526064,8192,R,3.817836
31203536,8192,R,3.818484
92288,8192,R,3.820078
8607440,32768,R,3.822417
8607504,16384,R,3.822677
31868720,8192,R,3.825872
30708928,8192,R,3.82601
33762048,8192,R,3.827387
34271376,8192,R,3.83462
22086176,8192,R,3.836057
22649728,32768,R,3.836216
22649792,16384,R,3.836483
21412800,8192,R,3.83721
31017392,8192,R,3.8415
22628032,8192,R,3.845198
22627968,32768,R,3.845453
31868736,32768,R,3.845692
31868800,24576,R,3.845937
20523136,8192,R,3.846901
21679328,32768,R,3.847331
21679392,16384,R,3.848334
23330464,16384,R,3.848742
23330528,8192,R,3.849007
20523152,32768,R,3.849266
22194704,8192,R,3.862422
31191600,32768,R,3.862585
19733856,8192,R,3.862744
31191664,32768,R,3.862906
92304,32768,R,3.863073
92368,16384,R,3.863239
8607536,8192,R,3.871247
20523216,24576,R,3.871419
22649824,16384,R,3.876481
22305744,8192,R,3.876635
31162832,8192,R,3.887158
22628048,24576,R,3.887319
30398304,8192,R,3.893663
22305728,8192,R,3.89564
23041152,8192,R,3.897992
21538384,8192,R,3.904917
30852848,8192,R,3.907107
21774832,8192,R,3.911307
30447968,16384,R,3.916388
30448016,16384,R,3.916523
33429104,8192,R,3.918775
19733872,32768,R,3.920778
31244928,24576,R,3.923746
21653200,8192,R,3.923877
13199936,8192,R,3.924671
31453760,8192,R,3.934521
30590624,8192,R,3.947538
805872,24576,R,3.950359
21874320,8192,R,3.958563
12912592,8192,R,3.964484
521488,8192,R,3.968045
30458816,8192,R,3.974216
30509376,8192,R,3.97435
11627600,32768,R,3.975401
11627664,32768,R,3.975621
21874352,8192,R,3.980682
521504,32768,R,3.983456
521568,8192,R,3.983688
20844544,8192,R,3.988543
19733936,8192,R,3.99858
19733984,16384,R,3.998717
21874368,8192,R,3.999696
30864928,8192,R,3.999832
21874400,16384,R,3.999965
30707056,8192,R,4.002362
33429120,24576,R,4.017939
22947968,32768,R,4.021444
22948032,16384,R,4.021666
20844560,32768,R,4.02957
20844624,24576,R,4.029722
30778672,8192,R,4.030199
12473296,8192,R,4.042425
31073792,8192,R,4.042581
24888416,24576,R,4.046289
30539504,8192,R,4.048671
22969760,8192,R,4.049205
13200128,8192,R,4.051035
10426320,16384,R,4.052983
10426368,16384,R,4.053302
23041408,8192,R,4.053523
10426416,8192,R,4.053748
805920,32768,R,4.057253
21118496,32768,R,4.059
30990496,8192,R,4.060285
22969776,32768,R,4.065
22969840,24576,R,4.065217
805984,8192,R,4.065579
12912640,8192,R,4.06638
21874672,8192,R,4.071271
11851472,8192,R,4.071426
22948064,16384,R,4.079394
20807520,32768,R,4.085799
20807584,8192,R,4.090779
21908000,8192,R,4.094959
20298880,16384,R,4.101215
11851488,32768,R,4.101779
11851552,24576,R,4.102627
30508304,8192,R,4.112992
8607584,8192,R,4.128422
10742352,8192,R,4.133184
13952400,16384,R,4.133454
13952336,32768,R,4.133676
20523392,8192,R,4.134408
21118560,16384,R,4.136514
21118624,16384,R,4.136734
31248272,8192,R,4.151961
14653328,8192,R,4.154178
20523408,32768,R,4.15431
31112768,8192,R,4.155158
20523472,24576,R,4.156432
8891984,24576,R,4.158615
10627408,16384,R,4.163791
30860944,8192,R,4.165004
30373648,8192,R,4.168597
13952432,16384,R,4.170971
31309456,8192,R,4.176437
19094912,8192,R,4.176597
8892032,32768,R,4.176752
20298912,8192,R,4.176914
8892096,8192,R,4.181787
555600,8192,R,4.184769
22628096,16384,R,4.191739
31884608,8192,R,4.191873
31453776,32768,R,4.193234
13974224,32768,R,4.193917
34741232,8192,R,4.195617
20298928,8192,R,4.197008
20844800,8192,R,4.198067
21679424,16384,R,4.198589
30827216,8192,R,4.208458
30988352,8192,R,4.208612
17557408,24576,R,4.209083
20298944,32768,R,4.209528
31110656,8192,R,4.2156
8908736,8192,R,4.217829
22628128,32768,R,4.218182
22628192,16384,R,4.218418
33118400,8192,R,4.222832
521600,8192,R,4.226067
17557456,32768,R,4.228689
13237968,8192,R,4.230945
13200368,8192,R,4.231861
20980464,8192,R,4.237036
17557520,8192,R,4.237188
30988368,32768,R,4.240567
30988448,8192,R,4.240801
30801264,8192,R,4.241039
20844816,32768,R,4.241776
20844880,24576,R,4.242665
13974288,32768,R,4.242829
21468624,8192,R,4.242994
33118416,32768,R,4.245198
33118480,16384,R,4.247587
21958768,8192,R,4.247743
521616,24576,R,4.25028
521680,16384,R,4.250444
31092192,8192,R,4.251358
13237984,32768,R,4.2537
13238048,24576,R,4.253863
31110512,8192,R,4.261167
33357088,8192,R,4.262332
20980752,8192,R,4.272006
30507392,8192,R,4.272142
22948128,16384,R,4.27368
31090336,8192,R,4.273845
13200384,8192,R,4.275268
30250784,8192,R,4.276925
22948160,32768,R,4.283096
8607744,8192,R,4.286571
22095824,8192,R,4.286738
8843184,8192,R,4.290698
806000,24576,R,4.296728
22649984,32768,R,4.296877
30818960,8192,R,4.297891
25469984,8192,R,4.299905
11851728,8192,R,4.303513
33050976,8192,R,4.306993
806048,32768,R,4.309685
22948320,8192,R,4.310231
21874880,8192,R,4.310953
8607776,8192,R,4.311181
30505264,8192,R,4.312535
10427952,8192,R,4.312765
11851744,32768,R,4.314624
22948336,8192,R,4.319196
21912576,16384,R,4.319354
12912672,8192,R,4.319503
22650048,8192,R,4.322246
31875648,8192,R,4.323785
806112,8192,R,4.32604
11851808,24576,R,4.327641
30109360,8192,R,4.327802
21802752,8192,R,4.328289
11987776,8192,R,4.339428
21908016,8192,R,4.340417
8607792,16384,R,4.341826
22650064,24576,R,4.343205
32137456,8192,R,4.343425
21912608,32768,R,4.346267
21912672,16384,R,4.3465
20620448,32768,R,4.350153
23952208,8192,R,4.350316
30510832,8192,R,4.369795
20523776,8192,R,4.376623
8892112,24576,R,4.378673
20523792,32768,R,4.387646
8892160,32768,R,4.393429
24888464,32768,R,4.393647
88048,16384,R,4.393989
22360432,8192,R,4.398659
30509792,8192,R,4.399414
24888528,8192,R,4.399645
33050992,32768,R,4.399867
20523856,24576,R,4.401501
22970016,8192,R,4.414418
555648,8192,R,4.414575
10427968,8192,R,4.41473
8656592,8192,R,4.414896
22970032,32768,R,4.415054
22195392,8192,R,4.415279
8892224,8192,R,4.415703
13952592,32768,R,4.424512
13952656,32768,R,4.424675
21401264,8192,R,4.429533
12912688,8192,R,4.429908
22195456,8192,R,4.43092
20620512,8192,R,4.431772
33602608,24576,R,4.433671
555712,8192,R,4.435399
34852336,8192,R,4.443238
20620528,24576,R,4.444005
33602656,32768,R,4.445626
34263440,8192,R,4.45081
17557536,32768,R,4.450943
17557600,24576,R,4.451085
33051056,24576,R,4.455216
30664752,8192,R,4.455875
20845152,8192,R,4.456197
30995216,8192,R,4.459865
30102384,8192,R,4.464221
25851744,8192,R,4.464632
33602720,8192,R,4.473026
22970256,8192,R,4.473161
22346720,32768,R,4.473298
20845168,32768,R,4.473443
22346784,16384,R,4.473597
19096448,24576,R,4.473952
30780864,8192,R,4.474683
20845232,8192,R,4.478624
20845280,16384,R,4.478972
34852352,8192,R,4.480446
30411744,8192,R,4.480615
22628352,32768,R,4.484161
22628416,8192,R,4.484472
22530624,8192,R,4.48598
88080,32768,R,4.486492
18535792,8192,R,4.487205
21398576,8192,R,4.494137
13200640,8192,R,4.494303
21960656,8192,R,4.500171
22530608,8192,R,4.504666
30432064,8192,R,4.505062
31453840,24576,R,4.506668
21650976,8192,R,4.510923
21782064,8192,R,4.514716
13200656,24576,R,4.514876
23195552,8192,R,4.522095
23195584,16384,R,4.522272
12912704,8192,R,4.523247
30855760,8192,R,4.524269
22628448,8192,R,4.524492
30095984,8192,R,4.529743
22435984,8192,R,4.530157
21782080,8192,R,4.530502
22628464,8192,R,4.53193
30962096,8192,R,4.535497
21437056,8192,R,4.535656
17557648,8192,R,4.539504
32679808,8192,R,4.545101
11852112,8192,R,4.54525
8656640,8192,R,4.545546
13974608,32768,R,4.545945
13974672,32768,R,4.546183
21437072,32768,R,4.554399
21437136,8192,R,4.554628
30651168,8192,R,4.559742
21875088,8192,R,4.56153
11852128,32768,R,4.562309
11852192,24576,R,4.563704
24031968,32768,R,4.574327
24032032,8192,R,4.574554
22948384,24576,R,4.580253
21875120,8192,R,4.580743
30647008,8192,R,4.585502
88144,16384,R,4.587838
25470048,8192,R,4.588066
20524032,8192,R,4.588297
21875136,8192,R,4.590787
21875168,16384,R,4.591021
22948432,24576,R,4.594044
22948576,8192,R,4.594285
34271392,8192,R,4.594521
23515168,8192,R,4.599627
11993280,8192,R,4.599788
25851760,32768,R,4.602464
22650368,8192,R,4.602622
25851824,24576,R,4.602778
33949472,8192,R,4.602941
20524048,32768,R,4.605036
30493088,8192,R,4.605664
21457520,8192,R,4.615584
25689360,8192,R,4.618434
806128,24576,R,4.620005
22345104,8192,R,4.620585
20524112,24576,R,4.62672
25121376,8192,R,4.626856
21908032,8192,R,4.626996
22650384,32768,R,4.627318
21943632,8192,R,4.629294
21443760,8192,R,4.631613
806176,32768,R,4.636213
30124528,8192,R,4.636368
24032048,24576,R,4.637098
25470160,8192,R,4.638988
257520,32768,R,4.639398
257584,8192,R,4.639642
806240,8192,R,4.647129
30620144,8192,R,4.647961
30084304,8192,R,4.656607
21796640,8192,R,4.656765
22650448,24576,R,4.656922
34797216,24576,R,4.66775
13755984,24576,R,4.667902
18222976,32768,R,4.675072
18223040,16384,R,4.675208
20845408,8192,R,4.675348
21916128,8192,R,4.677015
22948592,8192,R,4.677245
20989072,8192,R,4.678447
32744624,8192,R,4.680494
30950992,8192,R,4.685459
20845424,32768,R,4.693615
32744640,32768,R,4.69613
25729088,8192,R,4.697465
20845488,8192,R,4.702788
33289424,32768,R,4.702948
21756288,8192,R,4.703103
20845536,16384,R,4.703265
33289488,16384,R,4.703424
22402544,8192,R,4.704651
13200720,8192,R,4.70504
18223072,16384,R,4.710136
34797264,32768,R,4.717228
8892240,24576,R,4.725661
13200816,8192,R,4.730479
34185088,8192,R,4.732549
22970400,32768,R,4.735182
21907088,8192,R,4.736151
8892288,32768,R,4.737037
24361024,8192,R,4.7387
32679824,8192,R,4.744098
31292128,8192,R,4.748981
21726064,8192,R,4.753277
22970464,32768,R,4.755056
11852368,8192,R,4.755191
8892352,8192,R,4.756647
22411536,8192,R,4.757245
22387808,16384,R,4.757732
13952976,32768,R,4.759474
13953040,24576,R,4.759709
34797328,8192,R,4.765237
31292144,24576,R,4.768941
25689376,8192,R,4.769103
14518496,8192,R,4.770494
22411520,8192,R,4.775137
11852384,32768,R,4.777774
11852448,24576,R,4.777935
17557664,24576,R,4.781054
21352912,8192,R,4.790803
17557712,32768,R,4.79096
31061888,8192,R,4.791117
32679840,32768,R,4.796133
32679904,16384,R,4.796299
13953088,8192,R,4.800523
10662352,24576,R,4.800904
17557776,8192,R,4.805305
33253776,8192,R,4.809184
14518560,8192,R,4.809344
30853520,8192,R,4.809502
21875344,8192,R,4.811239
33595664,32768,R,4.812771
20524288,8192,R,4.827363
33211920,8192,R,4.827506
21875440,8192,R,4.828412
14518576,8192,R,4.830382
11995728,32768,R,4.832588
22628736,32768,R,4.838318
22628800,24576,R,4.838479
33211936,8192,R,4.841439
31566304,8192,R,4.846449
20524304,32768,R,4.848939
20524368,24576,R,4.849169
33595728,24576,R,4.852155
13974864,8192,R,4.862294
21605984,8192,R,4.864973
21606096,8192,R,4.86511
23195840,8192,R,4.868383
31571328,24576,R,4.870454
33832112,16384,R,4.870608
30843408,8192,R,4.870766
25689392,8192,R,4.871625
22628848,8192,R,4.874431
13974880,32768,R,4.876298
13974944,24576,R,4.876533
23195824,8192,R,4.887652
21800416,8192,R,4.887804
33960352,8192,R,4.887965
11995840,8192,R,4.888191
21491040,8192,R,4.888852
31129888,8192,R,4.899336
34490800,8192,R,4.899489
30505936,8192,R,4.901059
34691840,8192,R,4.903131
22660224,8192,R,4.903293
34271280,8192,R,4.907178
34032848,8192,R,4.907337
21774688,8192,R,4.909854
22650752,8192,R,4.911165
20667904,24576,R,4.916764
806256,24576,R,4.917379
34576864,8192,R,4.919075
31049984,8192,R,4.919566
34255792,8192,R,4.919806
806304,32768,R,4.921939
34691856,32768,R,4.931688
34691920,8192,R,4.931928
32744704,24576,R,4.93729
14205520,8192,R,4.938872
34490832,8192,R,4.943056
25776096,32768,R,4.943326
20667968,32768,R,4.943555
30542272,8192,R,4.946076
30486128,8192,R,4.948394
25218208,8192,R,4.94862
22650800,8192,R,4.953775
24748144,8192,R,4.954012
30710688,8192,R,4.954261
21811952,8192,R,4.958406
14205536,32768,R,4.95881
14205600,24576,R,4.95904
21617312,8192,R,4.959278
20845664,8192,R,4.964094
22650832,8192,R,4.964255
22000496,8192,R,4.965857
22948736,32768,R,4.966023
31534608,8192,R,4.966309
21934480,8192,R,4.966698
30542288,32768,R,4.972539
22650848,16384,R,4.9727
30174176,8192,R,4.973188
25776160,32768,R,4.973436
806368,8192,R,4.982229
13201104,8192,R,4.982387
31187152,8192,R,4.982753
20845680,32768,R,4.98443
31002400,8192,R,4.98612
22948800,16384,R,4.998938
30678528,8192,R,4.99909
24958752,8192,R,4.999248
22948864,16384,R,4.99941
21812560,8192,R,4.99957
20845744,8192,R,4.99975
20845792,16384,R,4.99992
31032544,8192,R,5.000108
34263680,8192,R,5.000286
30861792,8192,R,5.000445
30259536,8192,R,5.000606
30174192,24576,R,5.00176
22505408,8192,R,5.017706
30521728,8192,R,5.018076
24575840,32768,R,5.024342
30800416,8192,R,5.024504
24575904,16384,R,5.024662
23990240,32768,R,5.024824
23990304,24576,R,5.024986
33832144,32768,R,5.037873
22163248,8192,R,5.038034
13201136,8192,R,5.038194
22288912,8192,R,5.03896
30529536,8192,R,5.040665
22881920,32768,R,5.044852
22970752,32768,R,5.044995
22881984,8192,R,5.045135
22970816,16384,R,5.045281
34271536,8192,R,5.045431
11995984,16384,R,5.049801
25689408,8192,R,5.050347
11217520,8192,R,5.052577
30704416,8192,R,5.071118
8725104,8192,R,5.071275
21602720,8192,R,5.071418
24556544,8192,R,5.073069
14518752,8192,R,5.073209
24911072,8192,R,5.073352
24575936,16384,R,5.077515
13201184,8192,R,5.078556
22282176,8192,R,5.07895
21405760,8192,R,5.080055
11852624,8192,R,5.080789
11996016,8192,R,5.086592
13953232,24576,R,5.090289
24911088,32768,R,5.09311
24911152,24576,R,5.098231
24748240,8192,R,5.098394
13953280,32768,R,5.098797
13201216,8192,R,5.099608
21705872,8192,R,5.10143
30160000,8192,R,5.104494
8892368,24576,R,5.104663
22327648,24576,R,5.104836
22970880,8192,R,5.105703
11852640,32768,R,5.110492
8725120,32768,R,5.111191
8725184,8192,R,5.111447
11852704,24576,R,5.115675
22282160,8192,R,5.118392
34491824,32768,R,5.119553
11996032,32768,R,5.122018
22970896,8192,R,5.125837
11996096,8192,R,5.126465
25844816,8192,R,5.127889
21788880,8192,R,5.13142
31281808,8192,R,5.135999
31154144,8192,R,5.136383
34576880,8192,R,5.140726
19186864,8192,R,5.141392
22660240,8192,R,5.145887
20668176,8192,R,5.146044
33289568,8192,R,5.146204
14518832,8192,R,5.148321
25689424,8192,R,5.149691
25671008,16384,R,5.163551
21875664,8192,R,5.16371
34491888,32768,R,5.164717
21906400,8192,R,5.164884
20668208,8192,R,5.165044
13953344,8192,R,5.167407
8892416,32768,R,5.174068
8892480,8192,R,5.174302
21702240,8192,R,5.175034
22557264,8192,R,5.175365
20524544,8192,R,5.175739
22288928,8192,R,5.176143
30633616,8192,R,5.178871
33289600,8192,R,5.180018
31681616,8192,R,5.193573
13975248,8192,R,5.193705
22660256,8192,R,5.193843
23058240,8192,R,5.193985
30444768,8192,R,5.194849
22628864,24576,R,5.198898
22628912,32768,R,5.200065
20668224,32768,R,5.205901
17557792,24576,R,5.213836
20524560,32768,R,5.221668
20524624,24576,R,5.221978
11217536,32768,R,5.222736
11217600,8192,R,5.222953
13975264,32768,R,5.223574
31377152,8192,R,5.223788
13975328,24576,R,5.224013
23515680,8192,R,5.231899
17557840,32768,R,5.232065
22628976,8192,R,5.234428
22198416,8192,R,5.237437
25250960,8192,R,5.241208
30700144,8192,R,5.241444
30712208,8192,R,5.252123
22660272,8192,R,5.252286
21551088,8192,R,5.252447
31553024,8192,R,5.252605
17557904,8192,R,5.262632
22196096,8192,R,5.263723
30661392,8192,R,5.266367
21822944,8192,R,5.271807
22660288,32768,R,5.272033
30643664,8192,R,5.277892
22196240,8192,R,5.27934
30812352,8192,R,5.288528
22155904,8192,R,5.291152
22257792,8192,R,5.291999
30101360,8192,R,5.295166
30502752,8192,R,5.302392
33454656,8192,R,5.303783
30759168,8192,R,5.303916
31158176,8192,R,5.304424
20989504,16384,R,5.305391
24748384,32768,R,5.3067
24748448,8192,R,5.306932
22651008,32768,R,5.309048
33595776,16384,R,5.316717
22436000,8192,R,5.319799
30445328,8192,R,5.320597
30903184,8192,R,5.322322
20989536,32768,R,5.324641
20989648,8192,R,5.324868
21961152,8192,R,5.331225
20845920,8192,R,5.333853
30491152,8192,R,5.334017
30584384,8192,R,5.334178
30170688,8192,R,5.341336
13201392,8192,R,5.341468
33270384,8192,R,5.341607
22651072,8192,R,5.341877
22052432,8192,R,5.346333
22948992,8192,R,5.346954
34567472,32768,R,5.348161
34567536,32768,R,5.348397
25218224,8192,R,5.349443
33252800,32768,R,5.35116
33252864,32768,R,5.351305
31090992,8192,R,5.352271
30709616,8192,R,5.352529
20845936,32768,R,5.355395
22651088,24576,R,5.35554
30538352,8192,R,5.356727
23058256,8192,R,5.357088
13201408,32768,R,5.359155
13201472,8192,R,5.359397
20846000,8192,R,5.359637
20846048,16384,R,5.359883
18912928,8192,R,5.366616
21551728,8192,R,5.366778
32675120,8192,R,5.367137
25218240,16384,R,5.367595
22949008,32768,R,5.370565
22949072,8192,R,5.370829
22949120,16384,R,5.37108
743920,24576,R,5.375546
30530576,8192,R,5.384265
33051104,8192,R,5.384611
33595808,8192,R,5.387468
21867040,8192,R,5.39317
21685312,8192,R,5.405548
22831840,8192,R,5.405923
30686240,8192,R,5.410697
22971040,32768,R,5.415471
22971104,8192,R,5.415711
33932720,16384,R,5.418031
31117344,8192,R,5.419083
22280416,8192,R,5.420101
33595824,32768,R,5.422369
33595888,8192,R,5.422604
25166480,8192,R,5.422834
11852880,8192,R,5.423942
30822112,8192,R,5.425411
23961616,8192,R,5.427069
31382480,8192,R,5.427922
33932752,32768,R,5.428147
33965872,8192,R,5.430057
34404656,24576,R,5.431903
21875840,8192,R,5.432249
21875872,24576,R,5.432547
22280432,8192,R,5.439979
34459088,24576,R,5.440142
22436016,8192,R,5.447327
11852896,32768,R,5.447483
31079376,8192,R,5.450382
11852960,24576,R,5.450543
30698848,8192,R,5.458037
22971120,8192,R,5.458194
22971232,16384,R,5.458351
33663232,8192,R,5.45851
806384,24576,R,5.46415
30874496,8192,R,5.46552
31239968,8192,R,5.467174
21875952,8192,R,5.475258
20524800,8192,R,5.475704
806432,32768,R,5.476445
500000,512,R,5.476656
31074960,8192,R,5.478442
31423552,8192,R,5.480878
33051120,32768,R,5.485337
1000000,512,R,5.491888
20524816,32768,R,5.492267
13953488,24576,R,5.493296
14518992,16384,R,5.494556
14519040,8192,R,5.494799
14519072,8192,R,5.495027
14519104,8192,R,5.495258
806496,8192,R,5.497479
21394032,8192,R,5.501775
20524880,24576,R,5.502052
1500000,512,R,5.50786
31042416,8192,R,5.508352
11996240,16384,R,5.509249
23058272,8192,R,5.510001
22196352,8192,R,5.514592
33576576,32768,R,5.518308
13953536,32768,R,5.518469
33576640,16384,R,5.519501
13953600,8192,R,5.519662
34144544,8192,R,5.51983
30832896,8192,R,5.520868
21392432,8192,R,5.526544
19490464,32768,R,5.530538
19490528,16384,R,5.530784
22436032,8192,R,5.532876
32531536,8192,R,5.533756
169248,8192,R,5.533894
11996288,8192,R,5.53424
8581072,32768,R,5.534476
22107760,8192,R,5.535537
2000000,512,R,5.537939
11996320,8192,R,5.540978
11261376,8192,R,5.542208
30784144,8192,R,5.542448
19541360,8192,R,5.542944
20846176,8192,R,5.559529
31157696,8192,R,5.559685
30620784,8192,R,5.559988
33270272,8192,R,5.569394
20846192,32768,R,5.569649
22629248,8192,R,5.571345
21610160,8192,R,5.574603
2500000,512,R,5.574971
31406272,8192,R,5.57622
33965952,8192,R,5.576823
20846256,8192,R,5.577308
20846304,16384,R,5.577541
8892496,24576,R,5.58131
31079392,32768,R,5.582823
22383840,8192,R,5.583054
31079456,8192,R,5.583287
13975632,8192,R,5.585362
30607488,8192,R,5.590758
22629280,8192,R,5.590917
11996336,16384,R,5.591073
3000000,512,R,5.591234
33965968,16384,R,5.593955
22629312,8192,R,5.596477
22436048,8192,R,5.60109
8939296,8192,R,5.601247
22410240,8192,R,5.601405
21610176,8192,R,5.606788
22629328,24576,R,5.606925
24575968,8192,R,5.609686
8892544,32768,R,5.609851
31406288,24576,R,5.610985
30932272,8192,R,5.611244
755344,8192,R,5.611937
30492336,8192,R,5.616839
8892608,8192,R,5.616994
32531552,32768,R,5.617147
32531616,8192,R,5.617305
13975664,8192,R,5.617871
20668416,16384,R,5.620342
34964768,24576,R,5.620482
20668464,24576,R,5.620626
3500000,512,R,5.621164
13975680,32768,R,5.625959
13975744,8192,R,5.627192
95520,8192,R,5.633378
31144048,8192,R,5.633538
4000000,512,R,5.633696
24575984,16384,R,5.633861
21876096,16384,R,5.634032
24576032,16384,R,5.634201
21876160,16384,R,5.634375
24576080,8192,R,5.634544
21876208,8192,R,5.634714
30087872,8192,R,5.634994
17557920,24576,R,5.643906
22410224,8192,R,5.644069
33270608,8192,R,5.644239
4500000,512,R,5.644655
17557968,32768,R,5.653592
8939312,16384,R,5.653751
556400,8192,R,5.653916
22949280,16384,R,5.663463
20668528,8192,R,5.663623
11853136,8192,R,5.663781
19808048,8192,R,5.663947
22651392,32768,R,5.665785
22651456,8192,R,5.666032
5000000,512,R,5.670615
30175120,8192,R,5.672205
11853152,32768,R,5.672364
30410096,8192,R,5.673514
17558032,8192,R,5.673684
8581136,32768,R,5.676654
5500000,512,R,5.683094
23058288,8192,R,5.68424
22949328,8192,R,5.685261
556480,8192,R,5.687154
11853216,24576,R,5.687494
34271632,8192,R,5.688654
34651280,8192,R,5.688824
22949344,32768,R,5.694203
25166528,8192,R,5.69509
17604768,16384,R,5.697105
6000000,512,R,5.702742
30174416,8192,R,5.705786
22196608,16384,R,5.711928
34651296,8192,R,5.712088
8363904,8192,R,5.718479
22651472,8192,R,5.719443
6500000,512,R,5.719662
755360,8192,R,5.720815
17604800,32768,R,5.722942
22196656,8192,R,5.726376
33221280,8192,R,5.72899
19931904,32768,R,5.729148
7000000,512,R,5.733603
22196672,16384,R,5.733823
22196736,8192,R,5.734045
31155088,8192,R,5.738455
33289648,24576,R,5.738956
20525056,16384,R,5.743891
31553040,32768,R,5.744467
22651488,8192,R,5.745253
7500000,512,R,5.745657
13953744,32768,R,5.747961
17604864,16384,R,5.75198
755376,8192,R,5.752312
95536,8192,R,5.756
33663248,8192,R,5.758052
22651504,8192,R,5.75821
8000000,512,R,5.758363
19996512,8192,R,5.76482
20525088,32768,R,5.764978
22257808,32768,R,5.765135
22436064,8192,R,5.765294
21699360,8192,R,5.765963
20525152,16384,R,5.771505
33577056,8192,R,5.771665
806512,24576,R,5.772617
30772752,8192,R,5.772832
806560,32768,R,5.780955
13953808,32768,R,5.781112
8500000,512,R,5.781793
19996528,8192,R,5.79441
9000000,512,R,5.794626
31609520,32768,R,5.797967
22432464,8192,R,5.803859
755392,8192,R,5.804394
20989760,8192,R,5.805395
20989808,24576,R,5.805629
20989888,16384,R,5.805866
9500000,512,R,5.806713
13201968,8192,R,5.807783
33289696,32768,R,5.80869
33289760,8192,R,5.808922
19541584,8192,R,5.81198
22206144,8192,R,5.812121
806624,8192,R,5.816388
20846432,16384,R,5.820755
19931968,32768,R,5.820916
10000000,512,R,5.821076
20282336,8192,R,5.824097
31039920,8192,R,5.831438
21754272,32768,R,5.831593
21754336,16384,R,5.831753
21754400,16384,R,5.831917
30492816,8192,R,5.832083
22971392,24576,R,5.832253
8363920,8192,R,5.8328
755408,8192,R,5.83356
20846464,32768,R,5.84423
22629504,32768,R,5.844385
13201984,8192,R,5.844541
31531856,8192,R,5.844704
22629568,16384,R,5.844859
10500000,512,R,5.845016
20846560,16384,R,5.845181
33530608,8192,R,5.845342
25768368,8192,R,5.845823
24756368,8192,R,5.856888
22971440,32768,R,5.857047
8639184,8192,R,5.857203
22971504,8192,R,5.857368
8639216,32768,R,5.857528
8639280,16384,R,5.857693
21801520,8192,R,5.859585
755424,8192,R,5.867534
34404704,32768,R,5.867692
24557152,16384,R,5.867853
34404768,8192,R,5.868015
11000000,512,R,5.86818
33670544,8192,R,5.868345
11004496,24576,R,5.870097
853360,16384,R,5.875584
22629616,8192,R,5.875751
22082768,8192,R,5.87592
21876400,8192,R,5.876089
19463376,8192,R,5.876257
522528,8192,R,5.883198
22436080,8192,R,5.885643
20282352,8192,R,5.887302
24756384,32768,R,5.887468
8892624,24576,R,5.893268
31609584,32768,R,5.893429
31018064,8192,R,5.896567
21876464,8192,R,5.896722
11004544,32768,R,5.896882
21600720,8192,R,5.900217
31305744,8192,R,5.904505
8892672,32768,R,5.904668
33167936,8192,R,5.90483
11996496,32768,R,5.905492
11996560,16384,R,5.905736
853392,32768,R,5.914961
30509328,8192,R,5.915116
522576,8192,R,5.915271
30702080,8192,R,5.916936
11500000,512,R,5.920057
11853264,16384,R,5.924179
30905664,8192,R,5.925547
33832208,16384,R,5.932272
12000000,512,R,5.934662
11853296,32768,R,5.944025
21706752,32768,R,5.944181
11996592,16384,R,5.944339
21706816,16384,R,5.944495
30447856,8192,R,5.947666
22943328,8192,R,5.954606
22943424,8192,R,5.954743
22943360,32768,R,5.954881
8892736,8192,R,5.955043
13975760,32768,R,5.955244
13975824,24576,R,5.955478
19952080,8192,R,5.957266
19674368,24576,R,5.957494
11853360,16384,R,5.972353
33828000,8192,R,5.977668
556528,24576,R,5.977831
17558048,24576,R,5.977989
31078736,8192,R,5.986336
20668672,16384,R,5.986496
13975872,8192,R,5.986654
34271840,8192,R,5.986816
