21741712,24576,R,0.000774
18960512,24576,R,0.000938
32558896,8192,R,0.008117
21841504,24576,R,0.008252
21841568,8192,R,0.008388
18600896,8192,R,0.011178
30860080,8192,R,0.012703
30503312,8192,R,0.016801
32558944,8192,R,0.020748
20802624,8192,R,0.02571
31725824,8192,R,0.029514
18960560,32768,R,0.03539
8914592,24576,R,0.035627
33068432,32768,R,0.035858
20802640,24576,R,0.03609
33068496,8192,R,0.036327
31333648,8192,R,0.037346
18960624,8192,R,0.044304
22455680,32768,R,0.047088
23854048,32768,R,0.054928
23854112,16384,R,0.055081
31189200,8192,R,0.056311
32090304,8192,R,0.060048
17580064,8192,R,0.067357
11892944,32768,R,0.067517
21606720,32768,R,0.073219
23288544,24576,R,0.07337
23288592,32768,R,0.076264
31012400,8192,R,0.076777
23143120,8192,R,0.078861
33381136,8192,R,0.081247
11893008,32768,R,0.091218
21627456,32768,R,0.095663
23854144,16384,R,0.09865
20396688,8192,R,0.09987
33381152,8192,R,0.101649
31012416,32768,R,0.107838
31012480,16384,R,0.108912
23288656,8192,R,0.111513
25324512,32768,R,0.122487
21501696,8192,R,0.126159
21501728,24576,R,0.12632
18529232,8192,R,0.129123
31132032,8192,R,0.129797
31725840,8192,R,0.131017
32560160,32768,R,0.132301
32560224,16384,R,0.132533
30189648,8192,R,0.138906
8845184,8192,R,0.139063
17580080,32768,R,0.142319
32337264,8192,R,0.149089
31090352,8192,R,0.154276
24412656,8192,R,0.154433
18529264,8192,R,0.155035
31999664,24576,R,0.159503
19283296,24576,R,0.159662
20565120,32768,R,0.159819
24845168,16384,R,0.160885
30864080,8192,R,0.168047
19283344,32768,R,0.168182
21511040,32768,R,0.168329
21511104,8192,R,0.168471
22344896,8192,R,0.168629
31426496,8192,R,0.168866
34566720,8192,R,0.172026
31999712,32768,R,0.175357
32673392,8192,R,0.175517
8845200,32768,R,0.185987
22344880,8192,R,0.186138
31426512,8192,R,0.191052
20565184,32768,R,0.19168
19283408,8192,R,0.194637
8736272,8192,R,0.194796
32865776,24576,R,0.194954
32865840,8192,R,0.195116
31495136,8192,R,0.195395
31999776,8192,R,0.201935
9779856,8192,R,0.202091
31473856,8192,R,0.202253
32566192,24576,R,0.208824
17580144,24576,R,0.20954
33687296,24576,R,0.210673
24845248,8192,R,0.21192
582880,8192,R,0.212692
32224928,8192,R,0.219376
8736304,8192,R,0.219533
32337280,8192,R,0.219692
21501776,8192,R,0.219854
21123648,32768,R,0.224585
21123712,16384,R,0.225658
21123840,16384,R,0.225815
33687344,32768,R,0.225979
24845264,8192,R,0.226957
25324576,32768,R,0.234781
30465152,8192,R,0.234922
33687408,8192,R,0.239131
22450080,8192,R,0.240111
21501888,16384,R,0.245796
32919216,8192,R,0.247073
23846928,8192,R,0.249601
33559344,24576,R,0.250221
21627520,16384,R,0.250937
21627584,16384,R,0.255058
10292560,24576,R,0.260448
20886496,32768,R,0.260604
20396704,8192,R,0.265004
33559392,8192,R,0.274567
33559424,16384,R,0.274806
22196512,8192,R,0.275025
31725856,8192,R,0.277605
10292608,32768,R,0.278558
21511120,8192,R,0.279476
30574736,8192,R,0.283711
17510560,32768,R,0.283872
32863008,8192,R,0.286717
22130160,8192,R,0.293033
33559456,8192,R,0.293185
32306784,24576,R,0.295293
21511136,16384,R,0.296795
31144368,32768,R,0.297182
31144432,32768,R,0.297412
32337296,8192,R,0.297741
30403360,8192,R,0.302089
24667488,24576,R,0.302228
32306832,32768,R,0.310969
32863024,24576,R,0.311963
24622848,8192,R,0.321508
20886560,8192,R,0.321667
24667536,32768,R,0.321822
11806448,8192,R,0.321977
32306896,8192,R,0.326045
30644064,8192,R,0.328826
24667600,8192,R,0.331557
30236624,8192,R,0.337371
33426800,8192,R,0.33753
21660752,8192,R,0.339117
25848784,8192,R,0.34035
21927168,32768,R,0.344915
20886576,8192,R,0.354488
20886624,16384,R,0.354749
24622864,8192,R,0.355205
30965936,16384,R,0.358628
30966000,16384,R,0.358762
23844064,8192,R,0.361579
32566240,8192,R,0.366108
33381168,24576,R,0.37033
8966224,32768,R,0.370483
30549552,8192,R,0.372072
33865328,16384,R,0.378554
31156976,8192,R,0.383908
25943840,8192,R,0.384334
33426832,8192,R,0.385681
8966288,32768,R,0.386187
30832128,8192,R,0.387114
32566256,32768,R,0.387562
24622880,32768,R,0.392415
31340080,24576,R,0.39433
11893328,8192,R,0.397515
21927232,16384,R,0.397962
21927296,16384,R,0.398195
31143200,8192,R,0.403077
30757456,8192,R,0.403232
34564176,8192,R,0.417021
21808240,8192,R,0.417177
22434752,8192,R,0.422014
21629936,8192,R,0.422149
8736464,8192,R,0.422288
23844080,32768,R,0.422428
23844144,24576,R,0.422573
33381216,32768,R,0.424854
33381280,8192,R,0.4257
23847136,8192,R,0.434649
33752032,8192,R,0.436495
33865376,8192,R,0.437803
17631776,32768,R,0.442716
23288672,24576,R,0.442852
11893360,8192,R,0.446675
11806464,8192,R,0.450415
32559344,8192,R,0.451816
31957744,8192,R,0.454926
33865424,8192,R,0.455385
22282720,8192,R,0.455671
17631840,32768,R,0.4559
25935440,8192,R,0.456218
684576,8192,R,0.457161
31099856,8192,R,0.457567
23288720,32768,R,0.458969
31473872,32768,R,0.459725
31473936,24576,R,0.459964
30593856,8192,R,0.462883
32559376,8192,R,0.472655
32556208,8192,R,0.472815
11893376,32768,R,0.473825
23288784,8192,R,0.4755
9539424,8192,R,0.481173
12507472,8192,R,0.483071
22166624,32768,R,0.483228
22166688,8192,R,0.483392
34527728,8192,R,0.483617
650592,8192,R,0.488609
11806480,8192,R,0.488767
33687424,24576,R,0.489072
31094256,8192,R,0.491909
33687472,32768,R,0.499086
30638928,8192,R,0.504023
32556224,32768,R,0.504178
31941424,8192,R,0.504339
33336496,32768,R,0.508536
21409488,8192,R,0.50869
8845264,8192,R,0.508848
11806496,8192,R,0.511841
32556288,24576,R,0.517117
30262704,32768,R,0.517276
30262768,8192,R,0.517436
31941440,32768,R,0.522298
31941504,24576,R,0.522459
34039472,32768,R,0.528795
9437776,32768,R,0.528965
9437840,32768,R,0.529126
24049376,24576,R,0.530033
31999792,32768,R,0.540271
24407008,32768,R,0.540403
31999856,24576,R,0.540548
24407072,8192,R,0.540684
11806512,16384,R,0.540827
30564000,8192,R,0.541874
33687536,8192,R,0.542652
8736608,8192,R,0.544049
828656,8192,R,0.545539
22056192,8192,R,0.549589
23847280,8192,R,0.558307
20565408,8192,R,0.571032
20565376,16384,R,0.571189
24407088,24576,R,0.581416
32086880,8192,R,0.586521
684688,8192,R,0.594164
20565488,8192,R,0.601723
32335408,16384,R,0.602399
20565440,8192,R,0.602635
24667632,8192,R,0.605729
31093216,8192,R,0.606883
18206192,8192,R,0.607129
33120432,8192,R,0.609459
33336560,8192,R,0.609873
17628432,8192,R,0.610577
33336576,24576,R,0.615528
21861888,8192,R,0.616068
31999904,8192,R,0.618026
24667648,32768,R,0.621673
20396720,8192,R,0.621823
24667712,16384,R,0.621959
20565472,8192,R,0.629206
34564400,8192,R,0.629364
32863072,8192,R,0.630215
30874416,8192,R,0.630495
30372432,8192,R,0.636576
828672,32768,R,0.64495
33120448,32768,R,0.645731
33120512,24576,R,0.648198
828736,24576,R,0.649574
12507488,8192,R,0.65012
32248544,8192,R,0.656031
24845344,8192,R,0.661819
18104192,32768,R,0.662587
12507504,8192,R,0.670533
30500448,8192,R,0.671395
34564416,32768,R,0.674022
32863088,32768,R,0.680199
32863152,24576,R,0.680428
21861520,8192,R,0.684356
33381296,16384,R,0.687078
33381344,8192,R,0.687317
33381376,8192,R,0.687552
12516816,32768,R,0.693074
12516880,24576,R,0.693237
12507520,8192,R,0.69744
8736864,8192,R,0.6976
20886784,24576,R,0.705498
24845392,8192,R,0.705658
23847392,24576,R,0.705814
30564448,8192,R,0.706427
31570448,8192,R,0.710959
33642752,16384,R,0.715434
33381392,16384,R,0.716448
12507536,32768,R,0.722466
31570432,8192,R,0.722727
30608800,8192,R,0.727691
23847440,32768,R,0.727854
23847504,8192,R,0.728013
24049424,32768,R,0.732275
32306912,24576,R,0.735378
650928,8192,R,0.73553
22553168,8192,R,0.736685
20396736,8192,R,0.73948
21855440,8192,R,0.739813
32873056,32768,R,0.74766
22147728,8192,R,0.747821
32873120,32768,R,0.747984
20886896,8192,R,0.751107
20886848,8192,R,0.751268
22553152,8192,R,0.756958
32306960,32768,R,0.759912
34016032,8192,R,0.760061
20886864,8192,R,0.760219
22014704,8192,R,0.763038
32866480,8192,R,0.771015
30429760,8192,R,0.772997
30453312,8192,R,0.777479
374112,8192,R,0.783148
33687552,16384,R,0.784282
8737056,8192,R,0.788164
60816,8192,R,0.790424
21726752,8192,R,0.790848
30324272,8192,R,0.791178
33687584,32768,R,0.803543
32307024,8192,R,0.8037
33687648,16384,R,0.810684
32559696,8192,R,0.820948
21986416,8192,R,0.821101
18529600,8192,R,0.821255
12516928,8192,R,0.821408
30125536,8192,R,0.825408
21943232,8192,R,0.828771
11893584,8192,R,0.830946
30554688,8192,R,0.831385
25534432,16384,R,0.832251
30684944,8192,R,0.835569
32559712,32768,R,0.840062
32559776,8192,R,0.840195
30192848,8192,R,0.840513
11893600,32768,R,0.842627
18104256,8192,R,0.843123
11893664,24576,R,0.848961
651008,8192,R,0.853953
30400624,8192,R,0.854096
24667744,16384,R,0.855789
32866592,8192,R,0.859164
18104272,8192,R,0.863519
12225360,24576,R,0.863673
20565632,8192,R,0.869967
21181184,16384,R,0.872672
21181248,8192,R,0.872807
21181280,8192,R,0.873009
21720944,8192,R,0.878294
23847744,8192,R,0.87866
30397952,8192,R,0.879607
24049488,8192,R,0.880318
18104288,16384,R,0.883297
685184,8192,R,0.88397
23288800,24576,R,0.884194
24667776,16384,R,0.885198
24667824,8192,R,0.88543
23288848,32768,R,0.889888
12932560,32768,R,0.891979
12225408,32768,R,0.89596
24667840,16384,R,0.896118
23847760,8192,R,0.900089
30790320,8192,R,0.902476
20565648,32768,R,0.902606
20565712,24576,R,0.902744
8914640,8192,R,0.903787
685248,8192,R,0.904361
21190400,24576,R,0.912972
31095168,8192,R,0.921911
12225472,8192,R,0.922063
30727408,8192,R,0.922375
33381440,8192,R,0.923985
20396752,8192,R,0.925846
23288912,8192,R,0.926186
33865440,16384,R,0.929754
33865488,8192,R,0.929921
30510480,8192,R,0.930267
30763776,8192,R,0.938082
18156352,32768,R,0.939954
30419952,8192,R,0.943619
33865520,16384,R,0.949151
30723792,8192,R,0.950554
31999920,24576,R,0.953874
33381456,32768,R,0.95801
21688128,8192,R,0.96195
20887040,8192,R,0.964348
32866752,8192,R,0.974046
31999968,32768,R,0.974175
20887056,16384,R,0.974314
30840576,8192,R,0.974451
32000032,8192,R,0.979361
33381520,16384,R,0.979497
9539664,8192,R,0.97974
21181296,8192,R,0.981398
20887120,24576,R,0.984306
25302112,8192,R,0.984466
8737328,8192,R,0.986046
20887104,8192,R,0.992335
20898176,24576,R,0.999643
9539696,8192,R,1.003948
18427776,24576,R,1.005786
685360,8192,R,1.007021
20898224,32768,R,1.00891
23847808,8192,R,1.016272
8460224,8192,R,1.028047
20898288,8192,R,1.02818
22113584,8192,R,1.028313
32559952,8192,R,1.032601
30550512,8192,R,1.050656
32559968,16384,R,1.051485
32560016,16384,R,1.05172
32307040,24576,R,1.0521
18427824,24576,R,1.054431
18427968,16384,R,1.054658
33687680,8192,R,1.055666
33687712,32768,R,1.058918
245552,8192,R,1.062277
11893840,32768,R,1.064018
11893904,8192,R,1.064237
32307088,32768,R,1.072333
12932624,32768,R,1.072486
32307152,8192,R,1.081418
24845408,8192,R,1.081552
33752048,8192,R,1.083017
11893920,24576,R,1.083302
685488,8192,R,1.09102
8914656,32768,R,1.096094
8914720,24576,R,1.096321
31309168,8192,R,1.102963
32866832,8192,R,1.103462
32866880,8192,R,1.116442
33687776,16384,R,1.119732
20565888,32768,R,1.124636
20565952,8192,R,1.124794
30582368,8192,R,1.124948
24845424,32768,R,1.129998
24845504,8192,R,1.130151
408048,8192,R,1.134063
21219232,24576,R,1.135115
21190448,8192,R,1.144479
21219280,32768,R,1.145953
20565968,24576,R,1.156686
32762032,24576,R,1.157065
21219344,8192,R,1.164894
21190464,8192,R,1.169114
31817920,8192,R,1.170713
21190480,8192,R,1.174668
8737552,8192,R,1.179622
20396768,8192,R,1.180585
24667872,24576,R,1.18221
24667936,16384,R,1.182428
23847904,16384,R,1.191668
21190496,8192,R,1.191876
21190512,8192,R,1.1967
33569984,8192,R,1.201566
24667968,16384,R,1.202547
20887296,16384,R,1.209716
31125408,32768,R,1.211151
31125472,8192,R,1.211381
23847952,8192,R,1.216892
20887328,32768,R,1.220612
31057072,8192,R,1.226873
23288928,24576,R,1.227019
23848000,8192,R,1.228095
20887392,16384,R,1.231526
8737696,8192,R,1.234853
18156416,32768,R,1.241699
33381632,8192,R,1.244645
21909200,8192,R,1.244783
31169968,8192,R,1.249849
17580192,8192,R,1.251781
17580224,16384,R,1.252009
32560048,32768,R,1.253275
32560112,8192,R,1.25352
32560144,16384,R,1.253762
33381648,16384,R,1.266478
21606784,8192,R,1.278325
33559600,32768,R,1.280934
33559664,16384,R,1.281171
8737920,8192,R,1.28385
23288976,32768,R,1.289948
11894224,16384,R,1.303122
9438032,32768,R,1.303259
9438096,24576,R,1.303399
11894256,24576,R,1.303535
8737984,8192,R,1.303678
22168048,8192,R,1.303823
23289040,8192,R,1.306145
34265232,8192,R,1.314224
32762080,32768,R,1.314355
12225616,24576,R,1.314676
21502080,8192,R,1.319481
32866912,16384,R,1.321514
11894320,16384,R,1.32245
374144,8192,R,1.325312
32000048,24576,R,1.325446
374176,8192,R,1.325584
21502096,16384,R,1.335386
685952,8192,R,1.33555
21502144,24576,R,1.33571
741680,8192,R,1.335875
741616,32768,R,1.336039
13858624,8192,R,1.340933
32000096,32768,R,1.341095
22157136,8192,R,1.348793
33687808,32768,R,1.353936
12225664,32768,R,1.354948
33687872,16384,R,1.35706
32000160,8192,R,1.358566
20566144,24576,R,1.358942
12225728,8192,R,1.36099
685968,24576,R,1.38031
21606800,32768,R,1.380459
21606864,24576,R,1.380614
33687904,16384,R,1.384237
9438144,8192,R,1.389078
245568,24576,R,1.389238
20566192,32768,R,1.39009
20566256,8192,R,1.390325
30817120,8192,R,1.400346
33865616,8192,R,1.408566
23848032,32768,R,1.408716
23848096,32768,R,1.408867
20396784,8192,R,1.420096
651984,8192,R,1.423962
24668000,32768,R,1.425342
24668064,24576,R,1.425476
22534144,32768,R,1.427182
32560192,8192,R,1.427403
21511296,8192,R,1.429104
32762144,8192,R,1.429548
22143392,8192,R,1.429769
32307168,24576,R,1.430933
32560224,8192,R,1.433103
32307216,32768,R,1.439052
31110960,8192,R,1.446339
24668112,8192,R,1.446485
21865616,8192,R,1.452315
8738000,8192,R,1.452451
20887648,24576,R,1.453123
18104448,32768,R,1.455328
18104512,24576,R,1.455555
31241520,8192,R,1.45958
22534208,8192,R,1.462825
32867136,8192,R,1.467079
33865664,8192,R,1.467217
21511312,32768,R,1.468299
22186160,8192,R,1.469604
8738064,8192,R,1.470057
17580256,8192,R,1.470476
32867152,8192,R,1.483495
33381680,24576,R,1.483649
22534240,8192,R,1.486125
32307280,8192,R,1.49303
17580272,24576,R,1.494687
20887696,24576,R,1.497257
20887776,16384,R,1.498142
18104560,8192,R,1.499808
33381728,24576,R,1.510167
33381792,8192,R,1.510303
20980960,8192,R,1.511157
686304,8192,R,1.513062
21110272,24576,R,1.518749
23848176,8192,R,1.521824
21219504,24576,R,1.527407
741696,8192,R,1.53206
32560304,16384,R,1.550101
11894480,32768,R,1.552581
22854176,8192,R,1.553132
741712,16384,R,1.562505
32560352,8192,R,1.566647
22854192,32768,R,1.569586
22854256,8192,R,1.56972
22854400,16384,R,1.569915
11894544,32768,R,1.57073
32560368,32768,R,1.574343
21219552,32768,R,1.574503
18206592,8192,R,1.575353
33687936,24576,R,1.584052
22489856,16384,R,1.585205
30900528,8192,R,1.585963
33688000,24576,R,1.590044
22092128,8192,R,1.597554
33688048,8192,R,1.616586
8738272,16384,R,1.621169
21416384,8192,R,1.626113
20566528,32768,R,1.626658
20566592,32768,R,1.627598
22489888,32768,R,1.630945
18428032,24576,R,1.638741
30421248,8192,R,1.6436
32867184,16384,R,1.644098
31089360,8192,R,1.646839
8827728,32768,R,1.647624
8827792,16384,R,1.647845
22323680,8192,R,1.656819
30892208,8192,R,1.661108
686400,8192,R,1.664968
31176768,8192,R,1.669408
24668128,24576,R,1.67382
8827824,16384,R,1.674764
22323696,32768,R,1.676814
22323760,24576,R,1.677045
31161952,8192,R,1.677888
408208,8192,R,1.680933
408240,8192,R,1.68116
18428080,32768,R,1.687429
31125216,8192,R,1.687563
24668208,16384,R,1.687703
12225872,32768,R,1.689793
24668240,8192,R,1.691608
24787168,32768,R,1.697202
24787232,16384,R,1.697363
23848320,8192,R,1.69753
30739344,8192,R,1.70177
23289056,24576,R,1.701909
20887936,24576,R,1.718435
12225936,8192,R,1.723631
33568048,8192,R,1.72679
20499616,8192,R,1.727903
18428144,8192,R,1.7296
20888000,8192,R,1.737956
13858912,8192,R,1.738176
32560432,24576,R,1.741418
22050800,8192,R,1.741642
408272,8192,R,1.743425
775792,32768,R,1.74401
775856,16384,R,1.746275
20888016,24576,R,1.74848
33381824,32768,R,1.752245
33381904,8192,R,1.752485
21617040,8192,R,1.756274
24360656,8192,R,1.756427
13859008,8192,R,1.757457
31054448,8192,R,1.759326
30846016,8192,R,1.759466
23289104,32768,R,1.759797
24845584,16384,R,1.762893
21617056,8192,R,1.774431
21110320,8192,R,1.77645
32867312,24576,R,1.782183
33381920,8192,R,1.783221
31118624,8192,R,1.789782
23757536,8192,R,1.796748
775888,16384,R,1.797746
20170928,8192,R,1.799389
828784,8192,R,1.800797
21511376,8192,R,1.805955
31107568,8192,R,1.806192
11894736,24576,R,1.807658
22126176,8192,R,1.809123
11894800,24576,R,1.809355
20898688,32768,R,1.810407
20898752,24576,R,1.81064
21110336,8192,R,1.814811
21511392,8192,R,1.823004
21927328,8192,R,1.830867
828800,32768,R,1.835111
23289168,8192,R,1.835266
21511408,8192,R,1.835421
652448,8192,R,1.837297
22534560,8192,R,1.837671
12507984,32768,R,1.844278
12508048,8192,R,1.844505
12508080,8192,R,1.844728
8331600,8192,R,1.847469
20898800,8192,R,1.850019
20566784,24576,R,1.858065
23848432,8192,R,1.859963
32000176,24576,R,1.860189
24845632,8192,R,1.861023
21110352,8192,R,1.865403
686576,8192,R,1.867207
24845648,8192,R,1.874113
20170944,16384,R,1.878254
20566864,8192,R,1.878776
21110368,8192,R,1.883873
21264000,32768,R,1.884506
21264064,16384,R,1.884731
23848448,32768,R,1.895301
23848512,16384,R,1.895519
686688,8192,R,1.89654
828864,8192,R,1.897794
32000224,32768,R,1.899279
33559744,8192,R,1.901395
21110384,8192,R,1.904799
32000288,8192,R,1.906529
21927344,32768,R,1.911642
20566896,8192,R,1.917478
30674080,8192,R,1.917613
9438288,24576,R,1.920522
21736720,8192,R,1.924421
33688176,8192,R,1.926599
33559776,8192,R,1.933922
21767280,8192,R,1.93426
21264096,16384,R,1.937217
32560640,8192,R,1.942116
9166800,32768,R,1.942269
9166864,16384,R,1.943887
23513168,8192,R,1.944783
741744,32768,R,1.944915
8738736,8192,R,1.945051
741808,16384,R,1.945188
33559792,32768,R,1.948909
21927408,8192,R,1.95207
21927520,16384,R,1.952318
21799376,8192,R,1.955056
32560656,16384,R,1.961648
20888192,32768,R,1.974626
9438336,32768,R,1.978129
25174624,8192,R,1.987481
32867424,32768,R,1.990413
32867488,16384,R,1.990638
30091584,8192,R,1.995483
22205728,8192,R,1.995649
32307296,24576,R,1.996007
30811376,8192,R,1.996301
22247376,8192,R,2.002435
31046752,8192,R,2.009833
25174640,32768,R,2.013675
25174704,24576,R,2.013903
34445984,8192,R,2.014691
12517072,32768,R,2.020756
32307344,32768,R,2.020896
33237440,8192,R,2.02105
30501600,8192,R,2.022192
20888256,16384,R,2.0233
20888416,16384,R,2.023536
32307408,8192,R,2.02833
12270160,16384,R,2.028485
33501360,8192,R,2.033371
21873024,8192,R,2.03564
741840,16384,R,2.045552
30939712,32768,R,2.045704
30763728,8192,R,2.04586
30939776,16384,R,2.04815
12270192,32768,R,2.048308
24668368,8192,R,2.05514
33237456,32768,R,2.055296
22202080,8192,R,2.055451
8331616,32768,R,2.05944
31034160,32768,R,2.060162
31034224,32768,R,2.061753
30662128,8192,R,2.065161
30585888,8192,R,2.065394
12270256,16384,R,2.065726
32224752,16384,R,2.0687
32224800,8192,R,2.068863
33237520,24576,R,2.070397
12517136,32768,R,2.072543
33889200,32768,R,2.077235
33889264,24576,R,2.077396
30111632,8192,R,2.090859
30778000,8192,R,2.091108
30777936,32768,R,2.091353
30961712,8192,R,2.091666
8738992,8192,R,2.101897
33865696,8192,R,2.105211
23848544,32768,R,2.113738
23848608,8192,R,2.113892
30963488,8192,R,2.116486
21181680,8192,R,2.116636
24444896,8192,R,2.116788
11895120,32768,R,2.123094
11895184,32768,R,2.123331
23289184,24576,R,2.125111
33865760,8192,R,2.131047
8499312,8192,R,2.13211
30999408,8192,R,2.144466
33381936,32768,R,2.144594
33382000,32768,R,2.144729
8827856,16384,R,2.145022
23289232,32768,R,2.147454
22200656,8192,R,2.153414
8914880,8192,R,2.159691
32560688,16384,R,2.160862
31544656,8192,R,2.161094
34195120,8192,R,2.163194
8739088,8192,R,2.171935
20943104,32768,R,2.172858
20943168,16384,R,2.173205
32560800,8192,R,2.173438
23289296,8192,R,2.176715
8499328,32768,R,2.177935
8499392,8192,R,2.178164
20567040,24576,R,2.180085
34195152,8192,R,2.181672
8298192,8192,R,2.18205
8298608,8192,R,2.188952
22066848,8192,R,2.191719
8827888,32768,R,2.196014
24444912,32768,R,2.196179
24444976,24576,R,2.196341
18564704,24576,R,2.201037
20567120,8192,R,2.205674
8298624,32768,R,2.211728
22203040,16384,R,2.218727
22203088,8192,R,2.219665
20567136,16384,R,2.219796
30882256,8192,R,2.227902
8827952,16384,R,2.228517
33688288,8192,R,2.235391
30838640,8192,R,2.237174
22203152,8192,R,2.241674
20943200,8192,R,2.246433
18564752,32768,R,2.24829
21410800,8192,R,2.254758
33688304,8192,R,2.258914
30794304,8192,R,2.259557
20943216,8192,R,2.262518
30760592,8192,R,2.263012
33068512,24576,R,2.263755
20888448,24576,R,2.266138
30715216,8192,R,2.268094
31817936,32768,R,2.270057
31818000,16384,R,2.270311
447216,24576,R,2.270552
25174752,32768,R,2.270776
17580352,16384,R,2.271826
18564816,8192,R,2.28088
30888352,8192,R,2.281041
20888496,24576,R,2.281213
34369856,8192,R,2.281378
20888640,8192,R,2.281537
13208896,8192,R,2.281695
30561328,8192,R,2.282777
24845664,16384,R,2.284772
32531776,24576,R,2.29101
653120,8192,R,2.291168
20888656,8192,R,2.291441
30084272,8192,R,2.296118
447264,32768,R,2.29628
33501376,8192,R,2.296609
32184752,8192,R,2.305887
21477264,8192,R,2.306252
21502480,24576,R,2.307958
25174816,32768,R,2.308946
22184160,8192,R,2.312261
32000304,32768,R,2.312498
32000368,32768,R,2.312741
30788848,8192,R,2.314195
22114384,8192,R,2.319697
34369872,32768,R,2.319859
34369936,16384,R,2.320024
30722224,8192,R,2.320841
31085824,8192,R,2.324827
687312,8192,R,2.324981
31177824,8192,R,2.325708
32560816,8192,R,2.334072
33501392,32768,R,2.334782
33501456,16384,R,2.335035
31070752,8192,R,2.344042
32184768,8192,R,2.344205
30163168,8192,R,2.346626
30772016,8192,R,2.347931
32531840,8192,R,2.358659
21264160,24576,R,2.358815
13209136,8192,R,2.363251
22152224,8192,R,2.363405
34701152,24576,R,2.368417
30762112,8192,R,2.369204
30407344,8192,R,2.370007
24055088,8192,R,2.370749
32531856,8192,R,2.372677
32184800,8192,R,2.372957
21264208,32768,R,2.373587
32560864,8192,R,2.375161
13209152,8192,R,2.377906
30314704,8192,R,2.382926
30852336,8192,R,2.383088
30186496,8192,R,2.384786
9574864,24576,R,2.386489
30470544,8192,R,2.388056
32184816,32768,R,2.391834
33382080,32768,R,2.392606
33382144,8192,R,2.392859
31133040,8192,R,2.393214
21264272,8192,R,2.395743
11895552,8192,R,2.398099
30426704,8192,R,2.398257
33549344,32768,R,2.398543
33549408,32768,R,2.398787
32063168,8192,R,2.403151
32560928,8192,R,2.405989
30807392,8192,R,2.40615
30235168,8192,R,2.409431
9574912,32768,R,2.409659
21883600,8192,R,2.409901
30479872,8192,R,2.411976
22120224,8192,R,2.415666
11895568,32768,R,2.419967
33382160,8192,R,2.426937
31820784,8192,R,2.4271
30426624,8192,R,2.427407
9574976,8192,R,2.433846
30465936,8192,R,2.445924
21190656,32768,R,2.446076
33158400,8192,R,2.446243
12932688,32768,R,2.446398
12932752,16384,R,2.446541
22317408,8192,R,2.446791
32125184,16384,R,2.452031
18993632,8192,R,2.464454
33158416,16384,R,2.464613
21638384,8192,R,2.464766
